date,District_Name,Todays_Positives,Total_Positives,Todays_Discharges,Total_Discharges,Total_Active_Cases,Todays_Covid_Deaths,Total_Covid_Deaths,Non_Covid_Deaths
july01,Ballari,85.0,919.0,0.0,405.0,485.0,,29.0,0.0
july02,Ballari,65.0,984.0,62.0,467.0,484.0,,33.0,0.0
july03,Ballari,97.0,1081.0,28.0,495.0,552.0,,34.0,0.0
july04,Ballari,73.0,1154.0,20.0,515.0,605.0,,34.0,0.0
july05,Ballari,90.0,1244.0,37.0,552.0,657.0,,35.0,0.0
july06,Ballari,99.0,1343.0,18.0,570.0,737.0,,36.0,0.0
july07,Ballari,45.0,1388.0,27.0,597.0,755.0,,36.0,0.0
july08,Ballari,59.0,1447.0,30.0,627.0,780.0,,40.0,0.0
july10,Ballari,66.0,1554.0,77.0,742.0,771.0,,41.0,0.0
july11,Ballari,65.0,1619.0,230.0,972.0,605.0,,42.0,0.0
july12,Ballari,63.0,1682.0,20.0,992.0,648.0,0.0,42.0,0.0
july13,Ballari,106.0,1788.0,32.0,1024.0,722.0,0.0,42.0,0.0
july14,Ballari,99.0,1887.0,17.0,1041.0,799.0,5.0,47.0,0.0
july15,Ballari,136.0,2023.0,61.0,1102.0,874.0,0.0,47.0,0.0
july16,Ballari,44.0,2067.0,45.0,1147.0,869.0,4.0,51.0,0.0
july17,Ballari,133.0,2200.0,34.0,1181.0,965.0,3.0,54.0,0.0
july19,Ballari,73.0,2428.0,85.0,1288.0,1080.0,3.0,60.0,0.0
july20,Ballari,234.0,2662.0,36.0,1324.0,1276.0,2.0,62.0,0.0
july21,Ballari,193.0,2855.0,8.0,1332.0,1461.0,0.0,62.0,0.0
july22,Ballari,134.0,2989.0,39.0,1371.0,1556.0,0.0,62.0,0.0
july23,Ballari,164.0,3153.0,36.0,1407.0,1679.0,5.0,67.0,0.0
july24,Ballari,136.0,3289.0,53.0,1460.0,1760.0,2.0,69.0,0.0
july25,Ballari,222.0,3511.0,80.0,1540.0,1902.0,0.0,69.0,0.0
july26,Ballari,579.0,4090.0,17.0,1557.0,2464.0,0.0,69.0,0.0
july27,Ballari,840.0,4930.0,43.0,1600.0,3258.0,3.0,72.0,0.0
july28,Ballari,452.0,5382.0,529.0,2129.0,3181.0,0.0,72.0,0.0
july29,Ballari,338.0,5720.0,100.0,2229.0,3417.0,2.0,74.0,0.0
july30,Ballari,343.0,6063.0,337.0,2566.0,3423.0,0.0,74.0,0.0
july31,Ballari,340.0,6403.0,148.0,2710.0,3619.0,0.0,74.0,0.0
aug01,Ballari,269.0,6672.0,408.0,3118.0,3479.0,1.0,75.0,0.0
aug02,Ballari,377.0,7049.0,105.0,3223.0,3749.0,2.0,77.0,0.0
aug03,Ballari,305.0,7354.0,18.0,3241.0,4034.0,2.0,79.0,0.0
aug04,Ballari,284.0,7638.0,483.0,3724.0,3830.0,5.0,84.0,0.0
aug05,Ballari,631.0,8269.0,152.0,3876.0,4309.0,0.0,84.0,0.0
aug06,Ballari,431.0,8700.0,423.0,4299.0,4313.0,4.0,88.0,0.0
aug07,Ballari,684.0,9384.0,627.0,4926.0,4365.0,5.0,93.0,0.0
aug08,Ballari,607.0,9991.0,180.0,5106.0,4783.0,9.0,102.0,0.0
aug09,Ballari,380.0,10371.0,148.0,5254.0,5006.0,9.0,111.0,0.0
aug10,Ballari,253.0,10624.0,193.0,5447.0,5059.0,7.0,118.0,0.0
aug11,Ballari,736.0,11360.0,404.0,5851.0,5387.0,4.0,122.0,0.0
aug12,Ballari,635.0,11995.0,380.0,6231.0,5634.0,9.0,130.0,0.0
aug13,Ballari,445.0,12440.0,440.0,6671.0,5630.0,9.0,139.0,0.0
aug14,Ballari,608.0,13048.0,277.0,6948.0,5952.0,9.0,148.0,0.0
aug15,Ballari,759.0,13807.0,556.0,7504.0,6149.0,6.0,154.0,0.0
aug16,Ballari,381.0,14188.0,704.0,8208.0,5817.0,9.0,163.0,0.0
aug17,Ballari,319.0,14507.0,346.0,8554.0,5784.0,6.0,169.0,0.0
aug18,Ballari,673.0,15180.0,500.0,9054.0,5948.0,9.0,178.0,0.0
aug19,Ballari,537.0,15717.0,629.0,9683.0,5847.0,9.0,187.0,0.0
aug20,Ballari,483.0,16200.0,389.0,10072.0,5933.0,8.0,195.0,0.0
aug21,Ballari,540.0,16740.0,404.0,10476.0,6060.0,9.0,204.0,0.0
aug22,Ballari,533.0,17273.0,522.0,10998.0,6064.0,7.0,211.0,0.0
aug23,Ballari,406.0,17679.0,304.0,11302.0,6159.0,7.0,218.0,0.0
aug24,Ballari,306.0,17985.0,442.0,11744.0,6017.0,6.0,224.0,0.0
aug25,Ballari,551,18536.0,1004.0,12748.0,5558.0,6.0,230.0,0.0
aug26,Ballari,510.0,19046.0,516.0,13264.0,5545.0,7.0,237.0,0.0
aug27,Ballari,550.0,19596.0,460.0,13724.0,5629.0,6.0,243.0,0.0
aug28,Ballari,484.0,20080.0,623.0,14347.0,5485.0,5.0,248.0,0.0
aug29,Ballari,468.0,20548.0,773.0,15120.0,5176.0,4.0,252.0,0.0
aug30,Ballari,428.0,20976.0,274.0,15394.0,5327.0,3.0,255.0,0.0
aug31,Ballari,365.0,21341.0,580.0,15974.0,5107.0,5.0,260.0,0.0
sep01,Ballari,393.0,21734.0,351.0,16325.0,5145.0,4.0,264.0,0.0
sep02,Ballari,433.0,22167.0,470.0,16795.0,5103.0,5.0,269.0,0.0
sep03,Ballari,424.0,22591.0,436.0,17231.0,5087.0,4.0,273.0,0.0
sep04,Ballari,447.0,23038.0,409.0,17640.0,5117.0,8.0,281.0,0.0
sep06,Ballari,396.0,23800.0,643.0,18860.0,4646.0,8.0,294.0,0.0
sep07,Ballari,266.0,24066.0,652.0,19500.0,4265.0,7.0,301.0,0.0
sep08,Ballari,404.0,24470.0,210.0,19710.0,4453.0,6.0,307.0,0.0
sep09,Ballari,559,25029.0,491.0,20201.0,4513.0,8.0,315.0,0.0
sep10,Ballari,375,25404.0,415.0,20616.0,4466.0,7.0,322.0,0.0
sep11,Ballari,382.0,25786.0,359.0,20975.0,4481.0,8.0,330.0,0.0
sep12,Ballari,366.0,26152.0,347.0,21322.0,4492.0,8.0,338.0,0.0
sep13,Ballari,661.0,26813.0,406.0,21728.0,4739.0,8.0,346.0,0.0
sep14,Ballari,264.0,27077.0,274.0,22002.0,4722.0,7.0,353.0,0.0
sep15,Ballari,54.0,27131.0,0.0,22002.0,4776.0,0.0,353.0,0.0
sep16,Ballari,381.0,27512.0,0.0,22002.0,5157.0,0.0,353.0,0.0
sep17,Ballari,677.0,28189.0,953.0,22955.0,4874.0,7.0,360.0,0.0
sep18,Ballari,296.0,28485.0,362.0,23317.0,4783.0,25.0,385.0,0.0
sep19,Ballari,300.0,28785.0,215.0,23532.0,4861.0,7.0,392.0,0.0
sep20,Ballari,298.0,29083.0,175.0,23707.0,4976.0,8.0,400.0,0.0
sep21,Ballari,196.0,29279.0,954.0,24661.0,4209.0,9.0,409.0,0.0
sep22,Ballari,181.0,29460.0,450.0,25111.0,3931.0,9.0,418.0,0.0
sep23,Ballari,192.0,29652.0,0.0,25111.0,4123.0,0.0,418.0,0.0
sep24,Ballari,21.0,29673.0,80.0,25191.0,4054.0,10.0,428.0,0.0
sep25,Ballari,498.0,30171.0,208.0,25399.0,4336.0,8.0,436.0,0.0
sep26,Ballari,462.0,30633.0,526.0,25925.0,4265.0,7.0,443.0,0.0
sep27,Ballari,310.0,30943.0,635.0,26560.0,3931.0,9.0,452.0,0.0
sep28,Ballari,164.0,31107.0,1489.0,28049.0,2600.0,6.0,458.0,0.0
sep29,Ballari,313.0,31420.0,295.0,28344.0,2616.0,2.0,460.0,0.0
sep30,Ballari,109.0,31529.0,489.0,28833.0,2234.0,2.0,462.0,0.0
oct01,Ballari,486,32015.0,78.0,28911.0,2640.0,2.0,464.0,0.0
oct02,Ballari,262,32277.0,57.0,28968.0,2843.0,2.0,466.0,0.0
oct03,Ballari,253,32530.0,240.0,29208.0,2852.0,4.0,470.0,0.0
oct04,Ballari,304,32834.0,235.0,29443.0,2918.0,3.0,473.0,0.0
oct05,Ballari,170,33004.0,233.0,29676.0,2850.0,5.0,478.0,0.0
oct06,Ballari,253,33257.0,354.0,30030.0,2745.0,4.0,482.0,0.0
oct07,Ballari,258,33515.0,123.0,30153.0,2880.0,0.0,482.0,0.0
oct08,Ballari,248,33763.0,275.0,30428.0,2850.0,3.0,485.0,0.0
oct09,Ballari,217,33980.0,357.0,30785.0,2708.0,2.0,487.0,0.0
oct10,Ballari,225,34205.0,272.0,31057.0,2658.0,3.0,490.0,0.0
oct11,Ballari,226,34431.0,376.0,31433.0,2506.0,2.0,492.0,0.0
oct12,Ballari,142,34573.0,179.0,31612.0,2467.0,2.0,494.0,0.0
oct13,Ballari,38,34611.0,248.0,31860.0,2254.0,3.0,497.0,0.0
oct14,Ballari,275,34886.0,181.0,32041.0,2345.0,3.0,500.0,0.0
oct15,Ballari,282,35168.0,231.0,32272.0,2393.0,3.0,503.0,0.0
oct16,Ballari,174,35342.0,283.0,32555.0,2282.0,2.0,505.0,0.0
oct17,Ballari,189,35531.0,399.0,32954.0,2070.0,2.0,507.0,0.0
oct18,Ballari,171,35702.0,207.0,33161.0,2032.0,2.0,509.0,0.0
oct19,Ballari,186,35888.0,281.0,33442.0,1934.0,3.0,512.0,0.0
oct20,Ballari,188,36076.0,164.0,33606.0,1957.0,1.0,513.0,0.0
oct21,Ballari,145,36221.0,210.0,33816.0,1890.0,2.0,515.0,0.0
oct22,Ballari,218,36439.0,178.0,33994.0,1928.0,2.0,517.0,0.0
oct24,Ballari,129,36683.0,201.0,34376.0,1786.0,2.0,521.0,0.0
oct25,Ballari,132,36815.0,175.0,34551.0,1741.0,2.0,523.0,0.0
oct26,Ballari,47,36862.0,168.0,34719.0,1618.0,2.0,525.0,0.0
oct27,Ballari,64,36926.0,168.0,34887.0,1511.0,3.0,528.0,0.0
oct28,Ballari,69,36995.0,186.0,35073.0,1391.0,3.0,531.0,0.0
oct29,Ballari,74,37069.0,175.0,35248.0,1290.0,0.0,531.0,0.0
oct30,Ballari,82,37151.0,196.0,35444.0,1172.0,4.0,535.0,0.0
oct31,Ballari,70,37221.0,166.0,35610.0,1074.0,2.0,537.0,0.0
dec01,Ballari,7,38249.0,24.0,37461.0,205.0,1.0,583.0,0.0
dec02,Ballari,20,38269.0,32.0,37493.0,193.0,0.0,583.0,0.0
dec03,Ballari,22,38291.0,20.0,37513.0,195.0,0.0,583.0,0.0
dec04,Ballari,13,38304.0,26.0,37539.0,182.0,0.0,583.0,0.0
dec05,Ballari,23,38327.0,16.0,37555.0,188.0,1.0,584.0,0.0
dec06,Ballari,28,38355.0,23.0,37578.0,193.0,0.0,584.0,0.0
dec07,Ballari,15,38370.0,27.0,37605.0,180.0,1.0,585.0,0.0
dec08,Ballari,22,38392.0,15.0,37620.0,186.0,1.0,586.0,0.0
dec09,Ballari,15,38407.0,12.0,37632.0,189.0,0.0,586.0,0.0
dec10,Ballari,27,38434.0,9.0,37641.0,206.0,1.0,587.0,0.0
dec11,Ballari,20,38454.0,15.0,37656.0,211.0,0.0,587.0,0.0
dec12,Ballari,23,38477.0,19.0,37675.0,214.0,1.0,588.0,0.0
dec13,Ballari,36,38513.0,14.0,37689.0,236.0,0.0,588.0,0.0
dec14,Ballari,17,38530.0,20.0,37709.0,232.0,1.0,589.0,0.0
dec15,Ballari,17,38547.0,27.0,37736.0,222.0,0.0,589.0,0.0
dec16,Ballari,17,38564.0,25.0,37761.0,213.0,1.0,590.0,0.0
dec17,Ballari,21,38585.0,14.0,37775.0,220.0,0.0,590.0,0.0
dec18,Ballari,24,38609.0,18.0,37793.0,225.0,1.0,591.0,0.0
dec19,Ballari,24,38633.0,20.0,37813.0,228.0,1.0,592.0,0.0
dec20,Ballari,19,38652.0,16.0,37829.0,231.0,0.0,592.0,0.0
dec21,Ballari,36,38688.0,25.0,37854.0,241.0,1.0,593.0,0.0
dec22,Ballari,41,38729.0,28.0,37882.0,253.0,1.0,594.0,0.0
dec23,Ballari,20,38749.0,23.0,37905.0,249.0,1.0,595.0,0.0
dec24,Ballari,28,38777.0,18.0,37923.0,259.0,0.0,595.0,0.0
dec25,Ballari,13,38790.0,17.0,37940.0,255.0,0.0,595.0,0.0
dec26,Ballari,7,38797.0,23.0,37963.0,238.0,1.0,596.0,0.0
dec27,Ballari,11,38808.0,19.0,37982.0,230.0,0.0,596.0,0.0
dec28,Ballari,13,38821.0,29.0,38011.0,213.0,1.0,597.0,0.0
dec29,Ballari,14,38835.0,20.0,38031.0,207.0,0.0,597.0,0.0
dec30,Ballari,13,38848.0,17.0,38048.0,203.0,0.0,597.0,0.0
dec31,Ballari,8,38856.0,26.0,38074.0,185.0,0.0,597.0,0.0
jan01,Ballari,4,38860.0,41.0,38115.0,148.0,0.0,597.0,0.0
jan02,Ballari,22,38882.0,23.0,38138.0,147.0,0.0,597.0,0.0
jan03,Ballari,9,38891.0,29.0,38167.0,127.0,0.0,597.0,0.0
jan04,Ballari,15,38906.0,18.0,38185.0,124.0,0.0,597.0,0.0
jan05,Ballari,14,38920.0,9.0,38194.0,129.0,0.0,597.0,0.0
jan06,Ballari,10,38930.0,11.0,38205.0,128.0,0.0,597.0,0.0
jan07,Ballari,19,38949.0,15.0,38220.0,132.0,0.0,597.0,0.0
jan08,Ballari,21,38970.0,9.0,38229.0,144.0,0.0,597.0,0.0
jan09,Ballari,9,38979.0,10.0,38239.0,143.0,0.0,597.0,0.0
jan10,Ballari,18,38997.0,12.0,38251.0,149.0,0.0,597.0,0.0
jan11,Ballari,2,38999.0,15.0,38266.0,136.0,0.0,597.0,0.0
jan12,Ballari,14,39013.0,16.0,38282.0,134.0,0.0,597.0,0.0
jan13,Ballari,17,39030.0,12.0,38294.0,139.0,0.0,597.0,0.0
jan14,Ballari,12,39042.0,14.0,38308.0,137.0,0.0,597.0,0.0
jan15,Ballari,12,39054.0,12.0,38320.0,137.0,0.0,597.0,0.0
jan16,Ballari,8,39062.0,18.0,38338.0,127.0,0.0,597.0,0.0
jan17,Ballari,10,39072.0,13.0,38351.0,124.0,0.0,597.0,0.0
jan18,Ballari,7,39079.0,14.0,38365.0,117.0,0.0,597.0,0.0
jan19,Ballari,2,39081.0,17.0,38382.0,102.0,0.0,597.0,0.0
jan20,Ballari,9,39090.0,14.0,38396.0,97.0,0.0,597.0,0.0
jan21,Ballari,7,39097.0,8.0,38404.0,96.0,0.0,597.0,0.0
jan22,Ballari,7,39104.0,9.0,38413.0,94.0,0.0,597.0,0.0
jan23,Ballari,11,39115.0,17.0,38430.0,88.0,0.0,597.0,0.0
jan24,Ballari,6,39121.0,13.0,38443.0,81.0,0.0,597.0,0.0
jan25,Ballari,1,39122.0,13.0,38456.0,69.0,0.0,597.0,0.0
jan26,Ballari,3,39125.0,8.0,38464.0,64.0,0.0,597.0,0.0
jan27,Ballari,4,39129.0,10.0,38474.0,58.0,0.0,597.0,0.0
jan28,Ballari,2,39131.0,7.0,38481.0,53.0,0.0,597.0,0.0
jan29,Ballari,3.0,39134.0,10.0,38491.0,46.0,0.0,597.0,0.0
jan30,Ballari,4,39138.0,8.0,38499.0,42.0,0.0,597.0,0.0
jan31,Ballari,5,39143.0,6.0,38505.0,41.0,0.0,597.0,0.0
feb01,Ballari,4,39147.0,5.0,38510.0,40.0,0.0,597.0,0.0
feb02,Ballari,11,39158.0,8.0,38518.0,43.0,0.0,597.0,0.0
feb03,Ballari,5.0,39163.0,5.0,38523.0,43.0,0.0,597.0,0.0
feb04,Ballari,6.0,39169.0,5.0,38528.0,44.0,0.0,597.0,0.0
feb05,Ballari,3.0,39172.0,4.0,38532.0,43.0,0.0,597.0,0.0
feb06,Ballari,2,39174.0,3.0,38535.0,42.0,0.0,597.0,0.0
feb07,Ballari,1,39175.0,2.0,38537.0,41.0,0.0,597.0,0.0
feb08,Ballari,3,39178.0,4.0,38541.0,40.0,0.0,597.0,0.0
feb09,Ballari,5,39183.0,5.0,38546.0,40.0,0.0,597.0,0.0
feb10,Ballari,1,39184.0,5.0,38551.0,36.0,0.0,597.0,0.0
feb11,Ballari,4.0,39188.0,6.0,38557.0,34.0,0.0,597.0,0.0
feb12,Ballari,3.0,39191.0,5.0,38562.0,32.0,0.0,597.0,0.0
feb13,Ballari,1,39192.0,6.0,38568.0,27.0,0.0,597.0,0.0
feb14,Ballari,1,39193.0,3.0,38571.0,25.0,0.0,597.0,0.0
feb15,Ballari,5,39198.0,2.0,38573.0,28.0,0.0,597.0,0.0
feb16,Ballari,0,39198.0,3.0,38576.0,25.0,0.0,597.0,0.0
feb17,Ballari,2.0,39200.0,3.0,38579.0,24.0,0.0,597.0,0.0
feb18,Ballari,0.0,39200.0,4.0,38583.0,20.0,0.0,597.0,0.0
feb19,Ballari,6,39206.0,4.0,38587.0,22.0,0.0,597.0,0.0
feb20,Ballari,6,39212.0,3.0,38590.0,25.0,0.0,597.0,0.0
feb21,Ballari,5,39217.0,2.0,38592.0,28.0,0.0,597.0,0.0
feb22,Ballari,4,39221.0,2.0,38594.0,30.0,0.0,597.0,0.0
feb23,Ballari,5,39226.0,2.0,38596.0,33.0,0.0,597.0,0.0
feb24,Ballari,8,39234.0,4.0,38600.0,37.0,0.0,597.0,0.0
feb25,Ballari,9,39243.0,1.0,38601.0,45.0,0.0,597.0,0.0
feb26,Ballari,10,39253.0,1.0,38602.0,54.0,0.0,597.0,0.0
feb27,Ballari,10,39263.0,1.0,38603.0,63.0,0.0,597.0,0.0
feb28,Ballari,8,39271.0,4.0,38607.0,67.0,0.0,597.0,0.0
