date,District_Name,Todays_Positives,Total_Positives,Todays_Discharges,Total_Discharges,Total_Active_Cases,Todays_Covid_Deaths,Total_Covid_Deaths,Non_Covid_Deaths
july01,Bengaluru Urban,735.0,5290.0,0.0,543.0,4649.0,,97.0,1.0
july02,Bengaluru Urban,889.0,6179.0,30.0,573.0,5505.0,,100.0,1.0
july03,Bengaluru Urban,994.0,7173.0,197.0,770.0,6297.0,,105.0,1.0
july04,Bengaluru Urban,1172.0,8345.0,195.0,965.0,7250.0,,129.0,1.0
july05,Bengaluru Urban,1235.0,9580.0,302.0,1267.0,8167.0,,145.0,1.0
july06,Bengaluru Urban,981.0,10561.0,278.0,1545.0,8860.0,,155.0,1.0
july07,Bengaluru Urban,800.0,11361.0,265.0,1810.0,9395.0,,155.0,1.0
july08,Bengaluru Urban,1148.0,12509.0,418.0,2228.0,10103.0,,177.0,1.0
july10,Bengaluru Urban,1447.0,15329.0,601.0,3435.0,11687.0,,206.0,1.0
july11,Bengaluru Urban,1533.0,16862.0,404.0,3839.0,12793.0,,229.0,1.0
july12,Bengaluru Urban,1525.0,18387.0,206.0,4045.0,14067.0,45.0,274.0,1.0
july13,Bengaluru Urban,1315.0,19702.0,283.0,4328.0,15052.0,47.0,321.0,1.0
july14,Bengaluru Urban,1267.0,20969.0,664.0,4992.0,15599.0,56.0,377.0,1.0
july15,Bengaluru Urban,1975.0,22944.0,463.0,5455.0,17051.0,60.0,437.0,1.0
july16,Bengaluru Urban,2344.0,25288.0,497.0,5952.0,18828.0,70.0,507.0,1.0
july17,Bengaluru Urban,2208.0,27496.0,338.0,6290.0,20623.0,75.0,582.0,1.0
july19,Bengaluru Urban,2156.0,31777.0,253.0,6793.0,24316.0,36.0,667.0,1.0
july20,Bengaluru Urban,1452.0,33229.0,163.0,6956.0,25574.0,31.0,698.0,1.0
july21,Bengaluru Urban,1714.0,34943.0,520.0,7476.0,26746.0,22.0,720.0,1.0
july22,Bengaluru Urban,2050.0,36993.0,812.0,8288.0,27969.0,15.0,735.0,1.0
july23,Bengaluru Urban,2207.0,39200.0,1038.0,9326.0,29090.0,48.0,783.0,1.0
july24,Bengaluru Urban,2267.0,41467.0,746.0,10072.0,30561.0,50.0,833.0,1.0
july25,Bengaluru Urban,2036.0,43503.0,686.0,10758.0,31882.0,29.0,862.0,1.0
july26,Bengaluru Urban,1950.0,45453.0,647.0,11405.0,33156.0,29.0,891.0,1.0
july27,Bengaluru Urban,1470.0,46923.0,784.0,12189.0,33816.0,26.0,917.0,1.0
july28,Bengaluru Urban,1898.0,48821.0,572.0,12761.0,35102.0,40.0,957.0,1.0
july29,Bengaluru Urban,2270.0,51091.0,1118.0,13879.0,36224.0,30.0,987.0,1.0
july30,Bengaluru Urban,2233.0,53324.0,1912.0,15791.0,36523.0,22.0,1009.0,1.0
july31,Bengaluru Urban,2220.0,55544.0,1113.0,16896.0,37618.0,20.0,1029.0,1.0
aug01,Bengaluru Urban,1852.0,57396.0,1683.0,18579.0,37760.0,27.0,1056.0,1.0
aug02,Bengaluru Urban,2105.0,59501.0,2331.0,20910.0,37513.0,21.0,1077.0,1.0
aug03,Bengaluru Urban,1497.0,60998.0,2693.0,23603.0,36290.0,27.0,1104.0,1.0
aug04,Bengaluru Urban,2035.0,63033.0,4274.0,27877.0,34021.0,30.0,1134.0,1.0
aug05,Bengaluru Urban,1848.0,64881.0,3083.0,30960.0,32757.0,29.0,1163.0,1.0
aug06,Bengaluru Urban,2544.0,67425.0,2972.0,33932.0,32314.0,15.0,1178.0,1.0
aug07,Bengaluru Urban,2147.0,69572.0,1131.0,35063.0,33308.0,22.0,1200.0,1.0
aug08,Bengaluru Urban,2665.0,72237.0,2229.0,37292.0,33726.0,18.0,1218.0,1.0
aug09,Bengaluru Urban,1948.0,74185.0,1837.0,39129.0,33815.0,22.0,1240.0,1.0
aug10,Bengaluru Urban,1243.0,75428.0,2037.0,41166.0,32985.0,36.0,1276.0,1.0
aug11,Bengaluru Urban,1610.0,77038.0,1508.0,42674.0,33070.0,17.0,1293.0,1.0
aug12,Bengaluru Urban,2802.0,79840.0,2360.0,45034.0,33489.0,23.0,1316.0,1.0
aug13,Bengaluru Urban,1893.0,81733.0,2212.0,47246.0,33148.0,22.0,1338.0,1.0
aug14,Bengaluru Urban,2452.0,84185.0,2146.0,49392.0,33432.0,22.0,1360.0,1.0
aug15,Bengaluru Urban,3495.0,87680.0,2034.0,51426.0,34858.0,35.0,1395.0,1.0
aug16,Bengaluru Urban,2131.0,89811.0,2356.0,53782.0,34584.0,49.0,1444.0,1.0
aug17,Bengaluru Urban,2053.0,91864.0,2190.0,55972.0,34408.0,39.0,1483.0,1.0
aug18,Bengaluru Urban,2242.0,94106.0,3520.0,59492.0,33081.0,49.0,1532.0,1.0
aug19,Bengaluru Urban,2804.0,96910.0,2549.0,62041.0,33280.0,56.0,1588.0,1.0
aug20,Bengaluru Urban,2912.0,99822.0,1981.0,64022.0,34186.0,25.0,1613.0,1.0
aug21,Bengaluru Urban,2948.0,102770.0,2580.0,66602.0,34532.0,22.0,1635.0,1.0
aug22,Bengaluru Urban,2979.0,105749.0,3259.0,69861.0,34224.0,28.0,1663.0,1.0
aug23,Bengaluru Urban,2126.0,107875.0,1468.0,71329.0,34877.0,5.0,1668.0,1.0
aug24,Bengaluru Urban,1918.0,109793.0,2034.0,73363.0,34735.0,26.0,1694.0,1.0
aug25,Bengaluru Urban,2294,112087.0,1538.0,74901.0,35430.0,61.0,1755.0,1.0
aug26,Bengaluru Urban,3284.0,115371.0,2630.0,77531.0,36053.0,31.0,1786.0,1.0
aug27,Bengaluru Urban,3357.0,118728.0,3362.0,80893.0,35989.0,59.0,1845.0,1.0
aug28,Bengaluru Urban,2721.0,121449.0,2148.0,83041.0,36521.0,41.0,1886.0,1.0
aug29,Bengaluru Urban,2993.0,124442.0,2174.0,85215.0,37315.0,25.0,1911.0,1.0
aug30,Bengaluru Urban,2821.0,127263.0,2406.0,87621.0,37703.0,27.0,1938.0,1.0
aug31,Bengaluru Urban,1862.0,127336.0,2422.0,90043.0,37116.0,27.0,1965.0,1.0
sep01,Bengaluru Urban,2967.0,132092.0,1137.0,91180.0,38906.0,40.0,2005.0,1.0
sep02,Bengaluru Urban,3420.0,135512.0,2383.0,93563.0,39911.0,32.0,2037.0,1.0
sep03,Bengaluru Urban,3189.0,138701.0,2631.0,96194.0,40440.0,29.0,2066.0,1.0
sep04,Bengaluru Urban,2963.0,141664.0,1732.0,97926.0,41646.0,25.0,2091.0,1.0
sep06,Bengaluru Urban,2824.0,147581.0,4540.0,105692.0,39725.0,38.0,2163.0,1.0
sep07,Bengaluru Urban,2942.0,150523.0,2935.0,108642.0,39669.0,48.0,2211.0,1.0
sep08,Bengaluru Urban,3102.0,153625.0,2330.0,110972.0,40386.0,55.0,2266.0,1.0
sep09,Bengaluru Urban,3419,157044.0,1564.0,112536.0,42200.0,41.0,2307.0,1.0
sep10,Bengaluru Urban,3161,160205.0,1672.0,114208.0,43656.0,33.0,2340.0,1.0
sep11,Bengaluru Urban,3426.0,163631.0,6116.0,120324.0,40936.0,30.0,2370.0,1.0
sep12,Bengaluru Urban,3552.0,167183.0,3538.0,123862.0,40929.0,21.0,2391.0,1.0
sep13,Bengaluru Urban,3479.0,170662.0,3270.0,127132.0,41093.0,45.0,2436.0,1.0
sep14,Bengaluru Urban,2966.0,173628.0,3495.0,130627.0,40527.0,37.0,2473.0,1.0
sep15,Bengaluru Urban,3084.0,176712.0,3889.0,134516.0,39681.0,41.0,2514.0,1.0
sep16,Bengaluru Urban,3571.0,180283.0,3773.0,138289.0,39472.0,27.0,2521.0,1.0
sep17,Bengaluru Urban,3799.0,184082.0,2184.0,140473.0,41053.0,34.0,2555.0,1.0
sep18,Bengaluru Urban,3623.0,187705.0,2725.0,143198.0,41914.0,37.0,2592.0,1.0
sep19,Bengaluru Urban,3733.0,191438.0,4180.0,147378.0,41434.0,33.0,2625.0,1.0
sep20,Bengaluru Urban,3322.0,194760.0,2970.0,150348.0,41754.0,32.0,2657.0,1.0
sep21,Bengaluru Urban,2886.0,197646.0,3536.0,153884.0,41072.0,32.0,2689.0,1.0
sep22,Bengaluru Urban,3082.0,200728.0,4145.0,158029.0,39983.0,26.0,2715.0,1.0
sep23,Bengaluru Urban,3547.0,204275.0,3536.0,161565.0,39971.0,23.0,2738.0,1.0
sep24,Bengaluru Urban,4192.0,208467.0,3854.0,165419.0,40285.0,24.0,2762.0,1.0
sep25,Bengaluru Urban,4080.0,212547.0,2517.0,167936.0,41816.0,32.0,2794.0,1.0
sep26,Bengaluru Urban,4083.0,216630.0,2494.0,170430.0,43378.0,27.0,2821.0,1.0
sep27,Bengaluru Urban,4217.0,220847.0,3306.0,173736.0,44274.0,15.0,2836.0,1.0
sep28,Bengaluru Urban,2722.0,223569.0,2805.0,176541.0,44182.0,9.0,2845.0,1.0
sep29,Bengaluru Urban,4868.0,228437.0,2373.0,178914.0,46610.0,67.0,2912.0,1.0
sep30,Bengaluru Urban,4226.0,232663.0,3667.0,182581.0,47145.0,24.0,2936.0,1.0
oct01,Bengaluru Urban,4853,237516.0,2482.0,185063.0,49475.0,41.0,2977.0,1.0
oct02,Bengaluru Urban,4259,241775.0,2298.0,187361.0,51389.0,47.0,3024.0,1.0
oct03,Bengaluru Urban,3925,245700.0,2001.0,189362.0,53292.0,21.0,3045.0,1.0
oct04,Bengaluru Urban,4340,250040.0,2681.0,192043.0,54929.0,22.0,3067.0,1.0
oct05,Bengaluru Urban,2189,252229.0,2972.0,195015.0,54112.0,34.0,3101.0,1.0
oct06,Bengaluru Urban,5012,257241.0,3354.0,198369.0,55736.0,34.0,3135.0,1.0
oct07,Bengaluru Urban,5000,262241.0,2057.0,200426.0,58624.0,55.0,3190.0,1.0
oct08,Bengaluru Urban,5121,267362.0,3505.0,203931.0,60197.0,43.0,3233.0,1.0
oct09,Bengaluru Urban,5009,272371.0,3045.0,206976.0,62104.0,57.0,3290.0,1.0
oct10,Bengaluru Urban,4563,276934.0,1726.0,208702.0,64911.0,30.0,3320.0,1.0
oct11,Bengaluru Urban,4623,281557.0,2656.0,211358.0,66854.0,24.0,3344.0,1.0
oct12,Bengaluru Urban,3498,285055.0,5764.0,217122.0,64570.0,18.0,3362.0,1.0
oct13,Bengaluru Urban,3776,288831.0,4529.0,221651.0,63789.0,28.0,3390.0,1.0
oct14,Bengaluru Urban,4574,293405.0,3291.0,224942.0,65045.0,27.0,3417.0,1.0
oct15,Bengaluru Urban,3788,297193.0,3520.0,228462.0,65268.0,45.0,3462.0,1.0
oct16,Bengaluru Urban,3441,300634.0,3021.0,231483.0,65664.0,24.0,3486.0,1.0
oct17,Bengaluru Urban,3371,304005.0,4251.0,235734.0,64770.0,14.0,3500.0,1.0
oct18,Bengaluru Urban,3535,307540.0,3845.0,239579.0,64435.0,25.0,3525.0,1.0
oct19,Bengaluru Urban,2481,310021.0,2363.0,241942.0,64536.0,17.0,3542.0,1.0
oct20,Bengaluru Urban,2821,312842.0,2798.0,244740.0,64523.0,36.0,3578.0,1.0
oct21,Bengaluru Urban,2717,315559.0,3844.0,248584.0,63343.0,53.0,3631.0,1.0
oct22,Bengaluru Urban,2807,318366.0,7683.0,256267.0,58431.0,36.0,3667.0,1.0
oct24,Bengaluru Urban,2251,323305.0,3005.0,263607.0,55983.0,26.0,3714.0,1.0
oct25,Bengaluru Urban,2468,325773.0,6759.0,270366.0,51672.0,20.0,3734.0,1.0
oct26,Bengaluru Urban,1603,327376.0,4031.0,274397.0,49224.0,20.0,3754.0,1.0
oct27,Bengaluru Urban,1874,329250.0,4446.0,278843.0,46628.0,24.0,3778.0,1.0
oct28,Bengaluru Urban,1612,330862.0,4457.0,283300.0,43760.0,23.0,3801.0,1.0
oct29,Bengaluru Urban,2175,333037.0,4378.0,287678.0,41538.0,19.0,3820.0,1.0
oct30,Bengaluru Urban,1811,334848.0,5788.0,293466.0,37534.0,27.0,3847.0,1.0
oct31,Bengaluru Urban,1621,336469.0,4679.0,298145.0,34459.0,17.0,3864.0,1.0
dec01,Bengaluru Urban,758,370492.0,131.0,348479.0,17866.0,9.0,4146.0,1.0
dec02,Bengaluru Urban,712,371204.0,174.0,348653.0,18394.0,10.0,4156.0,1.0
dec03,Bengaluru Urban,758,371962.0,208.0,348861.0,18938.0,6.0,4162.0,1.0
dec04,Bengaluru Urban,620,372582.0,282.0,349143.0,19268.0,8.0,4170.0,1.0
dec05,Bengaluru Urban,709,373291.0,786.0,349929.0,19185.0,6.0,4176.0,1.0
dec06,Bengaluru Urban,733,374024.0,275.0,350204.0,19636.0,7.0,4183.0,1.0
dec07,Bengaluru Urban,501,374525.0,861.0,351065.0,19269.0,7.0,4190.0,1.0
dec08,Bengaluru Urban,638,375163.0,432.0,351497.0,19468.0,7.0,4197.0,1.0
dec09,Bengaluru Urban,728,375891.0,2507.0,354004.0,17676.0,13.0,4210.0,1.0
dec10,Bengaluru Urban,701,376592.0,4549.0,358553.0,13820.0,8.0,4218.0,1.0
dec11,Bengaluru Urban,659,377251.0,1248.0,359801.0,13225.0,6.0,4224.0,1.0
dec12,Bengaluru Urban,606,377857.0,923.0,360724.0,12902.0,6.0,4230.0,1.0
dec13,Bengaluru Urban,672,378529.0,1507.0,362231.0,12064.0,3.0,4233.0,1.0
dec14,Bengaluru Urban,369,378898.0,1576.0,363807.0,10852.0,5.0,4238.0,1.0
dec15,Bengaluru Urban,673,379571.0,980.0,364787.0,10542.0,3.0,4241.0,1.0
dec16,Bengaluru Urban,676,380247.0,792.0,365579.0,10422.0,4.0,4245.0,1.0
dec17,Bengaluru Urban,689,380936.0,866.0,366445.0,10238.0,7.0,4252.0,1.0
dec18,Bengaluru Urban,687,381623.0,443.0,366888.0,10478.0,4.0,4256.0,1.0
dec19,Bengaluru Urban,586,382209.0,1614.0,368502.0,9440.0,10.0,4266.0,1.0
dec20,Bengaluru Urban,659,382868.0,490.0,368992.0,9607.0,2.0,4268.0,1.0
dec21,Bengaluru Urban,363,383231.0,709.0,369701.0,9256.0,5.0,4273.0,1.0
dec22,Bengaluru Urban***,585,383816.0,686.0,370387.0,9148.0,8.0,4280.0,1.0
dec23,Bengaluru Urban,550,384366.0,694.0,371081.0,9002.0,2.0,4282.0,1.0
dec24,Bengaluru Urban,642,385008.0,798.0,371879.0,8845.0,1.0,4283.0,1.0
dec25,Bengaluru Urban,578,385586.0,600.0,372479.0,8819.0,4.0,4287.0,1.0
dec26,Bengaluru Urban,471,386057.0,491.0,372970.0,8795.0,4.0,4291.0,1.0
dec27,Bengaluru Urban,542,386599.0,754.0,373724.0,8575.0,8.0,4299.0,1.0
dec28,Bengaluru Urban,309,386908.0,654.0,374378.0,8225.0,5.0,4304.0,1.0
dec29,Bengaluru Urban,370,387278.0,843.0,375221.0,7750.0,2.0,4306.0,1.0
dec30,Bengaluru Urban,554,387832.0,765.0,375986.0,7534.0,5.0,4311.0,1.0
dec31,Bengaluru Urban,554,388386.0,849.0,376835.0,7233.0,6.0,4317.0,1.0
jan01,Bengaluru Urban,464,388850.0,608.0,377443.0,7085.0,4.0,4321.0,1.0
jan02,Bengaluru Urban,343,389193.0,463.0,377906.0,6964.0,1.0,4322.0,1.0
jan03,Bengaluru Urban,464,389657.0,302.0,378208.0,7122.0,4.0,4326.0,1.0
jan04,Bengaluru Urban,298,389955.0,728.0,378936.0,6691.0,1.0,4327.0,1.0
jan05,Bengaluru Urban,393,390348.0,931.0,379867.0,6147.0,6.0,4333.0,1.0
jan06,Bengaluru Urban,437,390785.0,902.0,380769.0,5679.0,3.0,4336.0,1.0
jan07,Bengaluru Urban,399,391184.0,451.0,381220.0,5622.0,5.0,4341.0,1.0
jan08,Bengaluru Urban,479,391663.0,240.0,381460.0,5859.0,2.0,4343.0,1.0
jan09,Bengaluru Urban,465,392128.0,445.0,381905.0,5876.0,3.0,4346.0,1.0
jan10,Bengaluru Urban,453,392581.0,261.0,382166.0,6068.0,0.0,4346.0,1.0
jan11,Bengaluru Urban,282,392863.0,374.0,382540.0,5974.0,2.0,4348.0,1.0
jan12,Bengaluru Urban***,384,393247.0,719.0,383257.0,5639.0,2.0,4350.0,1.0
jan13,Bengaluru Urban,426,393673.0,385.0,383642.0,5678.0,2.0,4352.0,1.0
jan14,Bengaluru Urban,141,393814.0,255.0,383897.0,5561.0,3.0,4355.0,1.0
jan15,Bengaluru Urban,399,394213.0,248.0,384145.0,5710.0,2.0,4357.0,1.0
jan16,Bengaluru Urban,282,394495.0,292.0,384437.0,5698.0,2.0,4359.0,1.0
jan17,Bengaluru Urban,464,394959.0,458.0,384895.0,5703.0,1.0,4360.0,1.0
jan18,Bengaluru Urban,193,395152.0,617.0,385512.0,5273.0,6.0,4366.0,1.0
jan19,Bengaluru Urban,357,395509.0,445.0,385957.0,5181.0,4.0,4370.0,1.0
jan20,Bengaluru Urban,260,395769.0,303.0,386260.0,5136.0,2.0,4372.0,1.0
jan21,Bengaluru Urban,371,396140.0,509.0,386769.0,4997.0,1.0,4373.0,1.0
jan22,Bengaluru Urban,160,396300.0,557.0,387326.0,4598.0,2.0,4375.0,1.0
jan23,Bengaluru Urban,527,396827.0,274.0,387600.0,4850.0,1.0,4376.0,1.0
jan24,Bengaluru Urban,306,397133.0,163.0,387763.0,4991.0,2.0,4378.0,1.0
jan25,Bengaluru Urban,200,397333.0,747.0,388510.0,4442.0,2.0,4380.0,1.0
jan26,Bengaluru Urban,276,397609.0,452.0,388962.0,4264.0,2.0,4382.0,1.0
jan27,Bengaluru Urban,227,397836.0,478.0,389440.0,4012.0,1.0,4383.0,1.0
jan28,Bengaluru Urban,311,398147.0,389.0,389829.0,3932.0,2.0,4385.0,1.0
jan29,Bengaluru Urban,264.0,398411.0,318.0,390147.0,3877.0,1.0,4386.0,1.0
jan30,Bengaluru Urban,233,398644.0,308.0,390455.0,3800.0,2.0,4388.0,1.0
jan31,Bengaluru Urban,242,398886.0,212.0,390667.0,3827.0,3.0,4391.0,1.0
feb01,Bengaluru Urban,201,399087.0,246.0,390913.0,3780.0,2.0,4393.0,1.0
feb02,Bengaluru Urban,199,399286.0,191.0,391104.0,3785.0,3.0,4396.0,1.0
feb03,Bengaluru Urban,231.0,399517.0,159.0,391263.0,3856.0,1.0,4397.0,1.0
feb04,Bengaluru Urban,263.0,399780.0,271.0,391534.0,3846.0,2.0,4399.0,1.0
feb05,Bengaluru Urban,217.0,399997.0,228.0,391762.0,3833.0,2.0,4401.0,1.0
feb06,Bengaluru Urban,318,400315.0,213.0,391975.0,3937.0,1.0,4402.0,1.0
feb07,Bengaluru Urban,250,400565.0,288.0,392263.0,3897.0,2.0,4404.0,1.0
feb08,Bengaluru Urban,127,400692.0,126.0,392389.0,3896.0,2.0,4406.0,1.0
feb09,Bengaluru Urban,195,400887.0,326.0,392715.0,3763.0,2.0,4408.0,1.0
feb10,Bengaluru Urban,208,401095.0,142.0,392857.0,3826.0,3.0,4411.0,1.0
feb11,Bengaluru Urban,228.0,401323.0,128.0,392985.0,3920.0,6.0,4417.0,1.0
feb12,Bengaluru Urban,194.0,401517.0,181.0,393166.0,3926.0,7.0,4424.0,1.0
feb13,Bengaluru Urban,258,401775.0,224.0,393390.0,3957.0,3.0,4427.0,1.0
feb14,Bengaluru Urban,241,402016.0,266.0,393656.0,3931.0,1.0,4428.0,1.0
feb15,Bengaluru Urban,196,402212.0,227.0,393883.0,3898.0,2.0,4430.0,1.0
feb16,Bengaluru Urban,306,402518.0,133.0,394016.0,4067.0,4.0,4434.0,1.0
feb17,Bengaluru Urban,253.0,402771.0,335.0,394351.0,3982.0,3.0,4437.0,1.0
feb18,Bengaluru Urban,256.0,403027.0,121.0,394472.0,4113.0,4.0,4441.0,1.0
feb19,Bengaluru Urban,209,403236.0,111.0,394583.0,4207.0,4.0,4445.0,1.0
feb20,Bengaluru Urban,278,403514.0,206.0,394789.0,4275.0,4.0,4449.0,1.0
feb21,Bengaluru Urban,248,403762.0,206.0,394995.0,4315.0,2.0,4451.0,1.0
feb22,Bengaluru Urban,181,403943.0,109.0,395104.0,4384.0,3.0,4454.0,1.0
feb23,Bengaluru Urban,240,404183.0,240.0,395344.0,4380.0,4.0,4458.0,1.0
feb24,Bengaluru Urban**,174,404357.0,171.0,395515.0,4379.0,4.0,4462.0,1.0
feb25,Bengaluru Urban,271,404628.0,759.0,396274.0,3887.0,4.0,4466.0,1.0
feb26,Bengaluru Urban,368,404996.0,498.0,396772.0,3754.0,3.0,4469.0,1.0
feb27,Bengaluru Urban,329,405325.0,243.0,397015.0,3835.0,5.0,4474.0,1.0
feb28,Bengaluru Urban,312,405637.0,146.0,397161.0,3996.0,5.0,4479.0,1.0
