date,District_Name,Todays_Positives,Total_Positives,Todays_Discharges,Total_Discharges,Total_Active_Cases,Todays_Covid_Deaths,Total_Covid_Deaths,Non_Covid_Deaths
july01,Bengaluru Rural,29.0,158.0,0.0,14.0,140.0,,4.0,0.0
july02,Bengaluru Rural,5.0,163.0,32.0,46.0,113.0,,4.0,0.0
july03,Bengaluru Rural,44.0,207.0,0.0,46.0,156.0,,5.0,0.0
july04,Bengaluru Rural,11.0,218.0,0.0,46.0,166.0,,6.0,0.0
july05,Bengaluru Rural,0.0,218.0,0.0,46.0,166.0,,6.0,0.0
july06,Bengaluru Rural,68.0,286.0,0.0,46.0,234.0,,6.0,0.0
july07,Bengaluru Rural,0.0,286.0,0.0,46.0,234.0,,6.0,0.0
july08,Bengaluru Rural,37.0,323.0,0.0,46.0,270.0,,7.0,0.0
july10,Bengaluru Rural,1.0,340.0,0.0,46.0,287.0,,7.0,0.0
july11,Bengaluru Rural,5.0,345.0,0.0,46.0,292.0,,7.0,0.0
july12,Bengaluru Rural,19.0,364.0,0.0,46.0,311.0,0.0,7.0,0.0
july13,Bengaluru Rural,21.0,385.0,0.0,46.0,332.0,0.0,7.0,0.0
july14,Bengaluru Rural,14.0,399.0,0.0,46.0,346.0,0.0,7.0,0.0
july15,Bengaluru Rural,10.0,409.0,0.0,46.0,356.0,0.0,7.0,0.0
july16,Bengaluru Rural,31.0,440.0,0.0,46.0,387.0,0.0,7.0,0.0
july17,Bengaluru Rural,33.0,473.0,0.0,46.0,420.0,0.0,7.0,0.0
july19,Bengaluru Rural,70.0,637.0,0.0,46.0,584.0,0.0,7.0,0.0
july20,Bengaluru Rural,208.0,845.0,0.0,46.0,792.0,0.0,7.0,0.0
july21,Bengaluru Rural,95.0,940.0,201.0,247.0,686.0,0.0,7.0,0.0
july22,Bengaluru Rural,139.0,1079.0,0.0,247.0,825.0,0.0,7.0,0.0
july23,Bengaluru Rural,161.0,1240.0,0.0,247.0,986.0,0.0,7.0,0.0
july24,Bengaluru Rural,26.0,1266.0,0.0,247.0,1010.0,2.0,9.0,0.0
july25,Bengaluru Rural,154.0,1420.0,0.0,247.0,1164.0,0.0,9.0,0.0
july26,Bengaluru Rural,213.0,1633.0,0.0,247.0,1377.0,0.0,9.0,0.0
july27,Bengaluru Rural,138.0,1771.0,0.0,247.0,1514.0,1.0,10.0,0.0
july28,Bengaluru Rural,107.0,1878.0,0.0,247.0,1621.0,0.0,10.0,0.0
july29,Bengaluru Rural,49.0,1927.0,0.0,247.0,1670.0,0.0,10.0,0.0
july30,Bengaluru Rural,224.0,2151.0,0.0,247.0,1894.0,0.0,10.0,0.0
july31,Bengaluru Rural,105.0,2256.0,193.0,443.0,1803.0,0.0,10.0,0.0
aug01,Bengaluru Rural,93.0,2349.0,89.0,532.0,1807.0,0.0,10.0,0.0
aug02,Bengaluru Rural,38.0,2387.0,0.0,532.0,1845.0,0.0,10.0,0.0
aug03,Bengaluru Rural,2.0,2389.0,116.0,648.0,1731.0,0.0,10.0,0.0
aug04,Bengaluru Rural,82.0,2471.0,56.0,704.0,1757.0,0.0,10.0,0.0
aug05,Bengaluru Rural,110.0,2581.0,40.0,744.0,1827.0,0.0,10.0,0.0
aug06,Bengaluru Rural,34.0,2615.0,32.0,776.0,1829.0,0.0,10.0,0.0
aug07,Bengaluru Rural,119.0,2734.0,20.0,796.0,1928.0,0.0,10.0,0.0
aug08,Bengaluru Rural,66.0,2800.0,14.0,810.0,1980.0,0.0,10.0,0.0
aug09,Bengaluru Rural,95.0,2895.0,102.0,912.0,1973.0,0.0,10.0,0.0
aug10,Bengaluru Rural,50.0,2945.0,117.0,1029.0,1906.0,0.0,10.0,0.0
aug11,Bengaluru Rural,28.0,2973.0,60.0,1089.0,1874.0,0.0,10.0,0.0
aug12,Bengaluru Rural,182.0,3155.0,15.0,1104.0,2041.0,0.0,10.0,0.0
aug13,Bengaluru Rural,70.0,3225.0,735.0,1839.0,1376.0,0.0,10.0,0.0
aug14,Bengaluru Rural,39.0,3264.0,170.0,2009.0,1245.0,0.0,10.0,0.0
aug15,Bengaluru Rural,152.0,3416.0,79.0,2088.0,1311.0,2.0,17.0,0.0
aug16,Bengaluru Rural,87.0,3503.0,20.0,2108.0,1378.0,0.0,17.0,0.0
aug17,Bengaluru Rural,25.0,3528.0,644.0,2752.0,759.0,0.0,17.0,0.0
aug18,Bengaluru Rural,123.0,3651.0,157.0,2909.0,722.0,3.0,20.0,0.0
aug19,Bengaluru Rural,68.0,3719.0,63.0,2972.0,726.0,1.0,21.0,0.0
aug20,Bengaluru Rural,77.0,3796.0,207.0,3179.0,596.0,0.0,21.0,0.0
aug21,Bengaluru Rural,79.0,3875.0,47.0,3226.0,628.0,0.0,21.0,0.0
aug22,Bengaluru Rural,66.0,3941.0,45.0,3271.0,649.0,0.0,21.0,0.0
aug23,Bengaluru Rural,35.0,3976.0,20.0,3291.0,664.0,0.0,21.0,0.0
aug24,Bengaluru Rural,35.0,4011.0,90.0,3381.0,609.0,0.0,21.0,0.0
aug25,Bengaluru Rural,63,4074.0,98.0,3479.0,573.0,1.0,22.0,0.0
aug26,Bengaluru Rural,136.0,4210.0,44.0,3523.0,663.0,2.0,24.0,0.0
aug27,Bengaluru Rural,59.0,4269.0,36.0,3559.0,683.0,3.0,27.0,0.0
aug28,Bengaluru Rural,214.0,4483.0,58.0,3617.0,839.0,0.0,27.0,0.0
aug29,Bengaluru Rural,182.0,4665.0,397.0,4014.0,624.0,0.0,27.0,0.0
aug30,Bengaluru Rural,55.0,4720.0,0.0,4014.0,677.0,2.0,29.0,0.0
aug31,Bengaluru Rural,73.0,6582.0,0.0,4014.0,749.0,1.0,30.0,0.0
sep01,Bengaluru Rural,145.0,4938.0,38.0,4052.0,854.0,2.0,32.0,0.0
sep02,Bengaluru Rural,146.0,5084.0,140.0,4192.0,860.0,0.0,32.0,0.0
sep03,Bengaluru Rural,160.0,5244.0,107.0,4299.0,906.0,7.0,39.0,0.0
sep04,Bengaluru Rural,204.0,5448.0,101.0,4400.0,1005.0,4.0,43.0,0.0
sep06,Bengaluru Rural,93.0,5665.0,59.0,4617.0,1002.0,0.0,46.0,0.0
sep07,Bengaluru Rural,77.0,5742.0,45.0,4560.0,1135.0,1.0,47.0,0.0
sep08,Bengaluru Rural,104.0,5846.0,30.0,4590.0,1208.0,1.0,48.0,0.0
sep09,Bengaluru Rural,79,5925.0,114.0,4704.0,1171.0,2.0,50.0,0.0
sep10,Bengaluru Rural,77,6002.0,68.0,4772.0,1180.0,0.0,50.0,0.0
sep11,Bengaluru Rural,146.0,6148.0,89.0,4861.0,1233.0,4.0,54.0,0.0
sep12,Bengaluru Rural,211.0,6359.0,55.0,4916.0,1387.0,2.0,56.0,0.0
sep13,Bengaluru Rural,216.0,6575.0,67.0,4983.0,1536.0,0.0,56.0,0.0
sep14,Bengaluru Rural,275.0,6850.0,24.0,5007.0,1786.0,1.0,57.0,0.0
sep15,Bengaluru Rural,143.0,6993.0,110.0,5117.0,1816.0,3.0,60.0,0.0
sep16,Bengaluru Rural,168.0,7165.0,177.0,5294.0,1805.0,5.0,66.0,0.0
sep17,Bengaluru Rural,66.0,7231.0,116.0,5410.0,1755.0,0.0,66.0,0.0
sep18,Bengaluru Rural,112.0,7343.0,131.0,5541.0,1729.0,7.0,73.0,0.0
sep19,Bengaluru Rural,189.0,7532.0,91.0,5632.0,1827.0,0.0,73.0,0.0
sep20,Bengaluru Rural,179.0,7711.0,76.0,5708.0,1929.0,1.0,74.0,0.0
sep21,Bengaluru Rural,114.0,7825.0,88.0,5796.0,1954.0,1.0,75.0,0.0
sep22,Bengaluru Rural,80.0,7905.0,200.0,5996.0,1832.0,2.0,77.0,0.0
sep23,Bengaluru Rural,128.0,8033.0,221.0,6217.0,1733.0,6.0,83.0,0.0
sep24,Bengaluru Rural,189.0,8222.0,53.0,6270.0,1869.0,0.0,83.0,0.0
sep25,Bengaluru Rural,308.0,8530.0,103.0,6373.0,2071.0,3.0,86.0,0.0
sep26,Bengaluru Rural,241.0,8771.0,110.0,6483.0,2199.0,3.0,89.0,0.0
sep27,Bengaluru Rural,213.0,8984.0,78.0,6561.0,2332.0,2.0,91.0,0.0
sep28,Bengaluru Rural,110.0,9094.0,208.0,6769.0,2234.0,0.0,91.0,0.0
sep29,Bengaluru Rural,305.0,9399.0,304.0,7073.0,2235.0,0.0,91.0,0.0
sep30,Bengaluru Rural,188.0,9587.0,655.0,7728.0,1764.0,4.0,95.0,0.0
oct01,Bengaluru Rural,169,9756.0,160.0,7888.0,1772.0,1.0,96.0,0.0
oct02,Bengaluru Rural,298,10054.0,171.0,8059.0,1899.0,0.0,96.0,0.0
oct03,Bengaluru Rural,283,10337.0,191.0,8250.0,1990.0,1.0,97.0,0.0
oct04,Bengaluru Rural,274,10611.0,259.0,8509.0,2005.0,0.0,97.0,0.0
oct05,Bengaluru Rural,141,10752.0,197.0,8706.0,1949.0,0.0,97.0,0.0
oct06,Bengaluru Rural,212,10964.0,183.0,8889.0,1978.0,0.0,97.0,0.0
oct07,Bengaluru Rural,189,11153.0,197.0,9086.0,1968.0,2.0,99.0,0.0
oct08,Bengaluru Rural,368,11521.0,243.0,9329.0,2092.0,1.0,100.0,0.0
oct09,Bengaluru Rural,242,11763.0,86.0,9415.0,2246.0,2.0,102.0,0.0
oct10,Bengaluru Rural,224,11987.0,185.0,9600.0,2285.0,0.0,102.0,0.0
oct11,Bengaluru Rural,155,12142.0,301.0,9901.0,2139.0,0.0,102.0,0.0
oct12,Bengaluru Rural,113,12255.0,299.0,10200.0,1953.0,0.0,102.0,0.0
oct13,Bengaluru Rural,208,12463.0,241.0,10441.0,1915.0,5.0,107.0,0.0
oct14,Bengaluru Rural,344,12807.0,137.0,10578.0,2120.0,2.0,109.0,0.0
oct15,Bengaluru Rural,454,13261.0,250.0,10828.0,2324.0,0.0,109.0,0.0
oct16,Bengaluru Rural,345,13606.0,178.0,11006.0,2491.0,0.0,109.0,0.0
oct17,Bengaluru Rural,220,13826.0,95.0,11101.0,2614.0,2.0,111.0,0.0
oct18,Bengaluru Rural,288,14114.0,60.0,11161.0,2842.0,0.0,111.0,0.0
oct19,Bengaluru Rural,173,14287.0,103.0,11264.0,2907.0,5.0,116.0,0.0
oct20,Bengaluru Rural,319,14606.0,187.0,11451.0,3037.0,2.0,118.0,0.0
oct21,Bengaluru Rural,366,14972.0,74.0,11525.0,3327.0,2.0,120.0,0.0
oct22,Bengaluru Rural,280,15252.0,120.0,11645.0,3487.0,0.0,120.0,0.0
oct24,Bengaluru Rural,102,15506.0,60.0,11800.0,3584.0,1.0,122.0,0.0
oct25,Bengaluru Rural,234,15740.0,161.0,11961.0,3657.0,0.0,122.0,0.0
oct26,Bengaluru Rural,87,15827.0,142.0,12103.0,3602.0,0.0,122.0,0.0
oct27,Bengaluru Rural,93,15920.0,143.0,12246.0,3552.0,0.0,122.0,0.0
oct28,Bengaluru Rural,61,15981.0,97.0,12343.0,3514.0,2.0,124.0,0.0
oct29,Bengaluru Rural,81,16062.0,195.0,12538.0,3397.0,3.0,127.0,0.0
oct30,Bengaluru Rural,72,16134.0,187.0,12725.0,3282.0,0.0,127.0,0.0
oct31,Bengaluru Rural,44,16178.0,47.0,12772.0,3279.0,0.0,127.0,0.0
dec01,Bengaluru Rural,38,17653.0,33.0,17134.0,375.0,0.0,144.0,0.0
dec02,Bengaluru Rural,36,17689.0,36.0,17170.0,374.0,1.0,145.0,0.0
dec03,Bengaluru Rural,32,17721.0,25.0,17195.0,380.0,1.0,146.0,0.0
dec04,Bengaluru Rural,19,17740.0,32.0,17227.0,367.0,0.0,146.0,0.0
dec05,Bengaluru Rural,23,17763.0,37.0,17264.0,353.0,0.0,146.0,0.0
dec06,Bengaluru Rural,13,17776.0,28.0,17292.0,338.0,0.0,146.0,0.0
dec07,Bengaluru Rural,11,17787.0,24.0,17316.0,325.0,0.0,146.0,0.0
dec08,Bengaluru Rural,16,17803.0,28.0,17344.0,313.0,0.0,146.0,0.0
dec09,Bengaluru Rural,24,17827.0,24.0,17368.0,312.0,1.0,147.0,0.0
dec10,Bengaluru Rural,35,17862.0,28.0,17396.0,319.0,0.0,147.0,0.0
dec11,Bengaluru Rural,35,17897.0,15.0,17411.0,339.0,0.0,147.0,0.0
dec12,Bengaluru Rural,23,17920.0,21.0,17432.0,341.0,0.0,147.0,0.0
dec13,Bengaluru Rural,27,17947.0,19.0,17451.0,349.0,0.0,147.0,0.0
dec14,Bengaluru Rural,7,17954.0,24.0,17475.0,332.0,0.0,147.0,0.0
dec15,Bengaluru Rural,17,17971.0,26.0,17501.0,322.0,1.0,148.0,0.0
dec16,Bengaluru Rural,28,17999.0,20.0,17521.0,330.0,0.0,148.0,0.0
dec17,Bengaluru Rural,17,18016.0,21.0,17542.0,326.0,0.0,148.0,0.0
dec18,Bengaluru Rural,11,18027.0,20.0,17562.0,317.0,0.0,148.0,0.0
dec19,Bengaluru Rural,31,18058.0,21.0,17583.0,326.0,1.0,149.0,0.0
dec20,Bengaluru Rural,36,18094.0,16.0,17599.0,346.0,0.0,149.0,0.0
dec21,Bengaluru Rural,19,18113.0,19.0,17618.0,346.0,0.0,149.0,0.0
dec22,Bengaluru Rural,19,18132.0,30.0,17648.0,333.0,2.0,151.0,0.0
dec23,Bengaluru Rural,17,18149.0,33.0,17681.0,317.0,0.0,151.0,0.0
dec24,Bengaluru Rural,15,18164.0,25.0,17706.0,307.0,0.0,151.0,0.0
dec25,Bengaluru Rural,17,18181.0,13.0,17719.0,311.0,0.0,151.0,0.0
dec26,Bengaluru Rural,13,18194.0,22.0,17741.0,301.0,1.0,152.0,0.0
dec27,Bengaluru Rural,20,18214.0,13.0,17754.0,308.0,0.0,152.0,0.0
dec28,Bengaluru Rural,10,18224.0,24.0,17778.0,294.0,0.0,152.0,0.0
dec29,Bengaluru Rural,4,18228.0,28.0,17806.0,270.0,0.0,152.0,0.0
dec30,Bengaluru Rural,8,18236.0,22.0,17828.0,256.0,0.0,152.0,0.0
dec31,Bengaluru Rural,24,18260.0,23.0,17851.0,257.0,0.0,152.0,0.0
jan01,Bengaluru Rural,28,18288.0,23.0,17874.0,262.0,0.0,152.0,0.0
jan02,Bengaluru Rural,12,18300.0,19.0,17893.0,255.0,0.0,152.0,0.0
jan03,Bengaluru Rural,20,18320.0,21.0,17914.0,254.0,0.0,152.0,0.0
jan04,Bengaluru Rural,10,18330.0,17.0,17931.0,247.0,0.0,152.0,0.0
jan05,Bengaluru Rural,12,18342.0,26.0,17957.0,233.0,0.0,152.0,0.0
jan06,Bengaluru Rural,25,18367.0,27.0,17984.0,230.0,1.0,153.0,0.0
jan07,Bengaluru Rural,13,18380.0,26.0,18010.0,217.0,0.0,153.0,0.0
jan08,Bengaluru Rural,26,18406.0,19.0,18029.0,224.0,0.0,153.0,0.0
jan09,Bengaluru Rural,15,18421.0,30.0,18059.0,209.0,0.0,153.0,0.0
jan10,Bengaluru Rural,22,18443.0,21.0,18080.0,210.0,0.0,153.0,0.0
jan11,Bengaluru Rural,6,18449.0,15.0,18095.0,201.0,0.0,153.0,0.0
jan12,Bengaluru Rural,17,18466.0,14.0,18109.0,203.0,1.0,154.0,0.0
jan13,Bengaluru Rural,18,18484.0,17.0,18126.0,204.0,0.0,154.0,0.0
jan14,Bengaluru Rural,19,18503.0,15.0,18141.0,208.0,0.0,154.0,0.0
jan15,Bengaluru Rural,5,18508.0,16.0,18157.0,197.0,0.0,154.0,0.0
jan16,Bengaluru Rural,10,18518.0,14.0,18171.0,193.0,0.0,154.0,0.0
jan17,Bengaluru Rural,17,18535.0,28.0,18199.0,181.0,1.0,155.0,0.0
jan18,Bengaluru Rural,4,18539.0,22.0,18221.0,163.0,0.0,155.0,0.0
jan19,Bengaluru Rural,18,18557.0,13.0,18234.0,167.0,1.0,156.0,0.0
jan20,Bengaluru Rural,7,18564.0,20.0,18254.0,154.0,0.0,156.0,0.0
jan21,Bengaluru Rural,13,18577.0,15.0,18269.0,152.0,0.0,156.0,0.0
jan22,Bengaluru Rural,8,18585.0,23.0,18292.0,137.0,0.0,156.0,0.0
jan23,Bengaluru Rural,11,18596.0,16.0,18308.0,132.0,0.0,156.0,0.0
jan24,Bengaluru Rural,9,18605.0,15.0,18323.0,126.0,0.0,156.0,0.0
jan25,Bengaluru Rural,7,18612.0,10.0,18333.0,123.0,0.0,156.0,0.0
jan26,Bengaluru Rural,11,18623.0,9.0,18342.0,125.0,0.0,156.0,0.0
jan27,Bengaluru Rural,7,18630.0,16.0,18358.0,115.0,1.0,157.0,0.0
jan28,Bengaluru Rural,7,18637.0,28.0,18386.0,94.0,0.0,157.0,0.0
jan29,Bengaluru Rural,9.0,18646.0,18.0,18404.0,85.0,0.0,157.0,0.0
jan30,Bengaluru Rural,10,18656.0,12.0,18416.0,83.0,0.0,157.0,0.0
jan31,Bengaluru Rural,10,18666.0,9.0,18425.0,84.0,0.0,157.0,0.0
feb01,Bengaluru Rural,7,18673.0,6.0,18431.0,85.0,0.0,157.0,0.0
feb02,Bengaluru Rural,7,18680.0,12.0,18443.0,80.0,0.0,157.0,0.0
feb03,Bengaluru Rural,4.0,18684.0,9.0,18452.0,75.0,0.0,157.0,0.0
feb04,Bengaluru Rural,9.0,18693.0,11.0,18463.0,73.0,0.0,157.0,0.0
feb05,Bengaluru Rural,4.0,18697.0,11.0,18474.0,66.0,0.0,157.0,0.0
feb06,Bengaluru Rural,4,18701.0,8.0,18482.0,61.0,1.0,158.0,0.0
feb07,Bengaluru Rural,5,18706.0,8.0,18490.0,58.0,0.0,158.0,0.0
feb08,Bengaluru Rural,2,18708.0,4.0,18494.0,55.0,1.0,159.0,0.0
feb09,Bengaluru Rural,20,18728.0,6.0,18500.0,69.0,0.0,159.0,0.0
feb10,Bengaluru Rural,6,18734.0,5.0,18505.0,70.0,0.0,159.0,0.0
feb11,Bengaluru Rural,11.0,18745.0,6.0,18511.0,74.0,1.0,160.0,0.0
feb12,Bengaluru Rural,7.0,18752.0,4.0,18515.0,77.0,0.0,160.0,0.0
feb13,Bengaluru Rural,6,18758.0,5.0,18520.0,78.0,0.0,160.0,0.0
feb14,Bengaluru Rural,8,18766.0,0.0,18520.0,86.0,0.0,160.0,0.0
feb15,Bengaluru Rural,8,18774.0,10.0,18530.0,84.0,0.0,160.0,0.0
feb16,Bengaluru Rural,1,18775.0,6.0,18536.0,79.0,0.0,160.0,0.0
feb17,Bengaluru Rural,2.0,18777.0,5.0,18541.0,76.0,0.0,160.0,0.0
feb18,Bengaluru Rural,4.0,18781.0,9.0,18550.0,71.0,0.0,160.0,0.0
feb19,Bengaluru Rural,5,18786.0,5.0,18555.0,71.0,0.0,160.0,0.0
feb20,Bengaluru Rural,3,18789.0,6.0,18561.0,68.0,0.0,160.0,0.0
feb21,Bengaluru Rural,4,18793.0,6.0,18567.0,66.0,0.0,160.0,0.0
feb22,Bengaluru Rural,1,18794.0,5.0,18572.0,62.0,0.0,160.0,0.0
feb23,Bengaluru Rural,4,18798.0,7.0,18579.0,59.0,0.0,160.0,0.0
feb24,Bengaluru Rural,7,18805.0,4.0,18583.0,62.0,0.0,160.0,0.0
feb25,Bengaluru Rural,7,18812.0,5.0,18588.0,64.0,0.0,160.0,0.0
feb26,Bengaluru Rural,7,18819.0,5.0,18593.0,66.0,0.0,160.0,0.0
feb27,Bengaluru Rural,5,18824.0,6.0,18599.0,65.0,0.0,160.0,0.0
feb28,Bengaluru Rural,9,18833.0,4.0,18603.0,70.0,0.0,160.0,0.0
