date,District_Name,Todays_Positives,Total_Positives,Todays_Discharges,Total_Discharges,Total_Active_Cases,Todays_Covid_Deaths,Total_Covid_Deaths,Non_Covid_Deaths
july01,Bidar,8.0,615.0,23.0,500.0,94.0,,21.0,0.0
july02,Bidar,32.0,647.0,0.0,500.0,126.0,,21.0,0.0
july03,Bidar,28.0,675.0,0.0,500.0,153.0,,22.0,0.0
july04,Bidar,51.0,726.0,12.0,512.0,186.0,,28.0,0.0
july05,Bidar,29.0,755.0,20.0,532.0,186.0,,37.0,0.0
july06,Bidar,44.0,799.0,29.0,561.0,194.0,,44.0,0.0
july07,Bidar,51.0,850.0,0.0,561.0,241.0,,48.0,0.0
july08,Bidar,29.0,879.0,1.0,562.0,268.0,,49.0,0.0
july10,Bidar,19.0,913.0,0.0,562.0,299.0,,52.0,0.0
july11,Bidar,63.0,976.0,29.0,591.0,332.0,,53.0,0.0
july12,Bidar,62.0,1038.0,21.0,612.0,373.0,0.0,53.0,0.0
july13,Bidar,23.0,1061.0,0.0,612.0,396.0,0.0,53.0,0.0
july14,Bidar,42.0,1103.0,0.0,612.0,438.0,0.0,51.0,2.0
july15,Bidar,35.0,1138.0,55.0,667.0,418.0,0.0,51.0,2.0
july16,Bidar,53.0,1191.0,3.0,670.0,466.0,2.0,53.0,2.0
july17,Bidar,69.0,1260.0,44.0,714.0,491.0,0.0,53.0,2.0
july19,Bidar,45.0,1377.0,19.0,733.0,585.0,3.0,57.0,2.0
july20,Bidar,26.0,1403.0,77.0,810.0,530.0,4.0,61.0,2.0
july21,Bidar,66.0,1469.0,25.0,835.0,569.0,2.0,63.0,2.0
july22,Bidar,77.0,1546.0,186.0,1021.0,457.0,3.0,66.0,2.0
july23,Bidar,94.0,1640.0,0.0,1021.0,548.0,3.0,69.0,2.0
july24,Bidar,87.0,1727.0,150.0,1171.0,485.0,0.0,67.0,4.0
july25,Bidar,62.0,1789.0,25.0,1196.0,522.0,0.0,67.0,4.0
july26,Bidar,77.0,1866.0,32.0,1228.0,567.0,0.0,67.0,4.0
july27,Bidar,42.0,1908.0,80.0,1308.0,528.0,1.0,68.0,4.0
july28,Bidar,39.0,1947.0,49.0,1357.0,516.0,2.0,70.0,4.0
july29,Bidar,91.0,2038.0,0.0,1357.0,606.0,1.0,71.0,4.0
july30,Bidar,69.0,2107.0,44.0,1401.0,629.0,2.0,73.0,4.0
july31,Bidar,104.0,2211.0,74.0,1474.0,658.0,2.0,75.0,4.0
aug01,Bidar,52.0,2263.0,61.0,1535.0,645.0,4.0,79.0,4.0
aug02,Bidar,135.0,2398.0,45.0,1580.0,735.0,0.0,79.0,4.0
aug03,Bidar,50.0,2448.0,90.0,1670.0,692.0,3.0,82.0,4.0
aug04,Bidar,114.0,2562.0,22.0,1692.0,781.0,3.0,85.0,4.0
aug05,Bidar,52.0,2614.0,14.0,1706.0,817.0,2.0,87.0,4.0
aug06,Bidar,98.0,2712.0,97.0,1803.0,815.0,3.0,90.0,4.0
aug07,Bidar,84.0,2796.0,29.0,1832.0,869.0,1.0,91.0,4.0
aug08,Bidar,47.0,2843.0,18.0,1850.0,896.0,2.0,93.0,4.0
aug09,Bidar,70.0,2913.0,44.0,1894.0,918.0,4.0,97.0,4.0
aug10,Bidar,28.0,2941.0,46.0,1940.0,899.0,1.0,98.0,4.0
aug11,Bidar,73.0,3014.0,127.0,2067.0,843.0,2.0,100.0,4.0
aug12,Bidar,91.0,3105.0,115.0,2182.0,816.0,3.0,103.0,4.0
aug13,Bidar,143.0,3248.0,106.0,2288.0,853.0,0.0,103.0,4.0
aug14,Bidar,97.0,3345.0,76.0,2364.0,873.0,1.0,104.0,4.0
aug15,Bidar,113.0,3458.0,70.0,2434.0,913.0,3.0,107.0,4.0
aug16,Bidar,119.0,3577.0,73.0,2507.0,958.0,1.0,108.0,4.0
aug17,Bidar,72.0,3649.0,9.0,2516.0,1021.0,0.0,108.0,4.0
aug18,Bidar,99.0,3748.0,55.0,2571.0,1057.0,8.0,116.0,4.0
aug19,Bidar,43.0,3791.0,151.0,2722.0,946.0,3.0,119.0,4.0
aug20,Bidar,85.0,3876.0,107.0,2829.0,924.0,0.0,119.0,4.0
aug21,Bidar,73.0,3949.0,172.0,3001.0,821.0,4.0,123.0,4.0
aug22,Bidar,82.0,4031.0,144.0,3145.0,755.0,4.0,127.0,4.0
aug23,Bidar,38.0,4069.0,46.0,3191.0,747.0,0.0,127.0,4.0
aug24,Bidar,83.0,4152.0,107.0,3298.0,722.0,1.0,128.0,4.0
aug25,Bidar,61,4213.0,84.0,3382.0,699.0,0.0,128.0,4.0
aug26,Bidar,42.0,4255.0,105.0,3487.0,634.0,2.0,130.0,4.0
aug27,Bidar,76.0,4331.0,105.0,3592.0,602.0,3.0,133.0,4.0
aug28,Bidar,60.0,4391.0,19.0,3611.0,643.0,0.0,133.0,4.0
aug29,Bidar,46.0,4437.0,87.0,3698.0,602.0,0.0,133.0,4.0
aug30,Bidar,73.0,4510.0,21.0,3719.0,653.0,1.0,134.0,4.0
aug31,Bidar,30.0,4540.0,120.0,3839.0,562.0,1.0,135.0,4.0
sep01,Bidar,63.0,4603.0,96.0,3935.0,529.0,0.0,135.0,4.0
sep02,Bidar,62.0,4665.0,91.0,4026.0,499.0,1.0,136.0,4.0
sep03,Bidar,56.0,4721.0,95.0,4121.0,460.0,0.0,136.0,4.0
sep04,Bidar,36.0,4757.0,35.0,4156.0,458.0,3.0,139.0,4.0
sep06,Bidar,83.0,4959.0,19.0,4228.0,587.0,1.0,140.0,4.0
sep07,Bidar,32.0,4991.0,38.0,4264.0,583.0,0.0,140.0,4.0
sep08,Bidar,52.0,5043.0,69.0,4333.0,565.0,1.0,141.0,4.0
sep09,Bidar,59,5102.0,98.0,4431.0,524.0,2.0,143.0,4.0
sep10,Bidar,98,5200.0,94.0,4525.0,528.0,0.0,143.0,4.0
sep11,Bidar,61.0,5261.0,94.0,4619.0,495.0,0.0,143.0,4.0
sep12,Bidar,101.0,5362.0,19.0,4638.0,577.0,0.0,143.0,4.0
sep13,Bidar,82.0,5444.0,13.0,4651.0,646.0,0.0,143.0,4.0
sep14,Bidar,51.0,5495.0,107.0,4758.0,588.0,2.0,145.0,4.0
sep15,Bidar,50.0,5545.0,75.0,4833.0,562.0,1.0,146.0,4.0
sep16,Bidar,52.0,5597.0,67.0,4898.0,546.0,1.0,149.0,4.0
sep17,Bidar,80.0,5677.0,0.0,4898.0,626.0,0.0,149.0,4.0
sep18,Bidar,46.0,5723.0,53.0,4951.0,619.0,0.0,149.0,4.0
sep19,Bidar,23.0,5746.0,122.0,5073.0,520.0,0.0,149.0,4.0
sep20,Bidar,77.0,5823.0,51.0,5124.0,546.0,0.0,149.0,4.0
sep21,Bidar,17.0,5840.0,104.0,5228.0,459.0,0.0,149.0,4.0
sep22,Bidar,50.0,5890.0,75.0,5303.0,434.0,0.0,149.0,4.0
sep23,Bidar,63.0,5953.0,43.0,5346.0,454.0,0.0,149.0,4.0
sep24,Bidar,71.0,6024.0,31.0,5377.0,494.0,0.0,149.0,4.0
sep25,Bidar,44.0,6068.0,28.0,5405.0,508.0,2.0,151.0,4.0
sep26,Bidar,56.0,6124.0,36.0,5441.0,528.0,0.0,151.0,4.0
sep27,Bidar,50.0,6174.0,60.0,5501.0,518.0,0.0,151.0,4.0
sep28,Bidar,45.0,6219.0,100.0,5601.0,463.0,0.0,151.0,4.0
sep29,Bidar,70.0,6289.0,53.0,5654.0,480.0,0.0,151.0,4.0
sep30,Bidar,28.0,6317.0,18.0,5672.0,489.0,1.0,152.0,4.0
oct01,Bidar,64,6381.0,37.0,5709.0,514.0,2.0,154.0,4.0
oct02,Bidar,43,6424.0,34.0,5743.0,521.0,2.0,156.0,4.0
oct03,Bidar,14,6438.0,95.0,5838.0,438.0,2.0,158.0,4.0
oct04,Bidar,65,6503.0,21.0,5859.0,482.0,0.0,158.0,4.0
oct05,Bidar,23,6526.0,34.0,5893.0,471.0,0.0,158.0,4.0
oct06,Bidar,30,6556.0,112.0,6005.0,389.0,0.0,158.0,4.0
oct07,Bidar,57,6613.0,35.0,6040.0,410.0,1.0,159.0,4.0
oct08,Bidar,27,6640.0,41.0,6081.0,396.0,0.0,159.0,4.0
oct09,Bidar,12,6652.0,20.0,6101.0,386.0,2.0,161.0,4.0
oct10,Bidar,23,6675.0,30.0,6131.0,378.0,1.0,162.0,4.0
oct11,Bidar,19,6694.0,31.0,6162.0,366.0,0.0,162.0,4.0
oct12,Bidar,18,6712.0,60.0,6222.0,324.0,0.0,162.0,4.0
oct13,Bidar,23,6735.0,82.0,6304.0,265.0,0.0,162.0,4.0
oct14,Bidar,19,6754.0,7.0,6311.0,277.0,0.0,162.0,4.0
oct15,Bidar,10,6764.0,23.0,6334.0,263.0,1.0,163.0,4.0
oct16,Bidar,14,6778.0,48.0,6382.0,229.0,0.0,163.0,4.0
oct17,Bidar,10,6788.0,22.0,6404.0,217.0,0.0,163.0,4.0
oct18,Bidar,7,6795.0,24.0,6428.0,200.0,0.0,163.0,4.0
oct19,Bidar,6,6801.0,50.0,6478.0,156.0,0.0,163.0,4.0
oct20,Bidar,10,6811.0,44.0,6522.0,122.0,0.0,163.0,4.0
oct21,Bidar,14,6825.0,30.0,6552.0,106.0,0.0,163.0,4.0
oct22,Bidar,6,6831.0,19.0,6571.0,93.0,0.0,163.0,4.0
oct24,Bidar,7,6841.0,5.0,6585.0,89.0,0.0,163.0,4.0
oct25,Bidar,7,6848.0,10.0,6595.0,86.0,0.0,163.0,4.0
oct26,Bidar,3,6851.0,13.0,6608.0,76.0,0.0,163.0,4.0
oct27,Bidar,13,6864.0,21.0,6629.0,68.0,0.0,163.0,4.0
oct28,Bidar,8,6872.0,12.0,6641.0,64.0,0.0,163.0,4.0
oct29,Bidar,14,6886.0,11.0,6652.0,67.0,0.0,163.0,4.0
oct30,Bidar,6,6892.0,10.0,6662.0,63.0,0.0,163.0,4.0
oct31,Bidar,3,6895.0,5.0,6667.0,61.0,0.0,163.0,4.0
dec01,Bidar,1,7077.0,2.0,6856.0,49.0,0.0,168.0,4.0
dec02,Bidar,8,7085.0,5.0,6861.0,52.0,0.0,168.0,4.0
dec03,Bidar,12,7097.0,8.0,6869.0,56.0,0.0,168.0,4.0
dec04,Bidar,3,7100.0,5.0,6874.0,54.0,0.0,168.0,4.0
dec05,Bidar,4,7104.0,4.0,6878.0,54.0,0.0,168.0,4.0
dec06,Bidar,0,7104.0,5.0,6883.0,48.0,1.0,169.0,4.0
dec07,Bidar,2,7106.0,13.0,6896.0,37.0,0.0,169.0,4.0
dec08,Bidar,3,7109.0,8.0,6904.0,31.0,1.0,170.0,4.0
dec09,Bidar,2,7111.0,2.0,6906.0,31.0,0.0,170.0,4.0
dec10,Bidar,2,7113.0,2.0,6908.0,31.0,0.0,170.0,4.0
dec11,Bidar,2,7115.0,3.0,6911.0,30.0,0.0,170.0,4.0
dec12,Bidar,16,7131.0,4.0,6915.0,42.0,0.0,170.0,4.0
dec13,Bidar,5,7136.0,6.0,6921.0,41.0,0.0,170.0,4.0
dec14,Bidar,4,7140.0,5.0,6926.0,40.0,0.0,170.0,4.0
dec15,Bidar,11,7151.0,4.0,6930.0,47.0,0.0,170.0,4.0
dec16,Bidar,10,7161.0,8.0,6938.0,49.0,0.0,170.0,4.0
dec17,Bidar,3,7164.0,2.0,6940.0,50.0,0.0,170.0,4.0
dec18,Bidar,8,7172.0,3.0,6943.0,55.0,0.0,170.0,4.0
dec19,Bidar,8,7180.0,5.0,6948.0,58.0,0.0,170.0,4.0
dec20,Bidar,12,7192.0,1.0,6949.0,69.0,0.0,170.0,4.0
dec21,Bidar,8,7200.0,10.0,6959.0,67.0,0.0,170.0,4.0
dec22,Bidar,9,7209.0,5.0,6964.0,71.0,0.0,170.0,4.0
dec23,Bidar,6,7215.0,11.0,6975.0,65.0,1.0,171.0,4.0
dec24,Bidar,8,7223.0,7.0,6982.0,66.0,0.0,171.0,4.0
dec25,Bidar,5,7228.0,6.0,6988.0,65.0,0.0,171.0,4.0
dec26,Bidar,7,7235.0,4.0,6992.0,68.0,0.0,171.0,4.0
dec27,Bidar,7,7242.0,8.0,7000.0,67.0,0.0,171.0,4.0
dec28,Bidar,1,7243.0,6.0,7006.0,62.0,0.0,171.0,4.0
dec29,Bidar,1,7244.0,21.0,7027.0,42.0,0.0,171.0,4.0
dec30,Bidar,7,7251.0,10.0,7037.0,39.0,0.0,171.0,4.0
dec31,Bidar,5,7256.0,3.0,7040.0,41.0,0.0,171.0,4.0
jan01,Bidar,6,7262.0,4.0,7044.0,43.0,0.0,171.0,4.0
jan02,Bidar,7,7269.0,7.0,7051.0,43.0,0.0,171.0,4.0
jan03,Bidar,1,7270.0,3.0,7054.0,41.0,0.0,171.0,4.0
jan04,Bidar,9,7279.0,7.0,7061.0,43.0,0.0,171.0,4.0
jan05,Bidar,2,7281.0,7.0,7068.0,38.0,0.0,171.0,4.0
jan06,Bidar,4,7285.0,1.0,7069.0,41.0,0.0,171.0,4.0
jan07,Bidar,6,7291.0,8.0,7077.0,39.0,0.0,171.0,4.0
jan08,Bidar,7,7298.0,5.0,7082.0,41.0,0.0,171.0,4.0
jan09,Bidar,2,7300.0,3.0,7085.0,40.0,0.0,171.0,4.0
jan10,Bidar,10,7310.0,6.0,7091.0,44.0,0.0,171.0,4.0
jan11,Bidar,5,7315.0,4.0,7095.0,44.0,1.0,172.0,4.0
jan12,Bidar,4,7319.0,3.0,7098.0,45.0,0.0,172.0,4.0
jan13,Bidar,0,7319.0,8.0,7106.0,37.0,0.0,172.0,4.0
jan14,Bidar,7,7326.0,1.0,7107.0,43.0,0.0,172.0,4.0
jan15,Bidar,9,7335.0,7.0,7114.0,45.0,0.0,172.0,4.0
jan16,Bidar,5,7340.0,10.0,7124.0,40.0,0.0,172.0,4.0
jan17,Bidar,7,7347.0,4.0,7128.0,43.0,0.0,172.0,4.0
jan18,Bidar,4,7351.0,1.0,7129.0,46.0,0.0,172.0,4.0
jan19,Bidar,6,7357.0,7.0,7136.0,45.0,0.0,172.0,4.0
jan20,Bidar,1,7358.0,9.0,7145.0,37.0,0.0,172.0,4.0
jan21,Bidar,2,7360.0,8.0,7153.0,31.0,0.0,172.0,4.0
jan22,Bidar,1,7361.0,2.0,7155.0,30.0,0.0,172.0,4.0
jan23,Bidar,8,7369.0,2.0,7157.0,36.0,0.0,172.0,4.0
jan24,Bidar,2,7371.0,8.0,7165.0,30.0,0.0,172.0,4.0
jan25,Bidar,5,7376.0,5.0,7170.0,30.0,0.0,172.0,4.0
jan26,Bidar,1,7377.0,1.0,7171.0,30.0,0.0,172.0,4.0
jan27,Bidar,2,7379.0,6.0,7177.0,26.0,0.0,172.0,4.0
jan28,Bidar,5,7384.0,3.0,7180.0,28.0,0.0,172.0,4.0
jan29,Bidar,1.0,7385.0,4.0,7184.0,25.0,0.0,172.0,4.0
jan30,Bidar,1,7386.0,1.0,7185.0,25.0,0.0,172.0,4.0
jan31,Bidar,3,7389.0,2.0,7187.0,26.0,0.0,172.0,4.0
feb01,Bidar,8,7397.0,9.0,7196.0,25.0,0.0,172.0,4.0
feb02,Bidar,7,7404.0,4.0,7200.0,28.0,0.0,172.0,4.0
feb03,Bidar,1.0,7405.0,2.0,7202.0,27.0,0.0,172.0,4.0
feb04,Bidar,18.0,7423.0,2.0,7204.0,43.0,0.0,172.0,4.0
feb05,Bidar,7.0,7430.0,5.0,7209.0,45.0,0.0,172.0,4.0
feb06,Bidar,9,7439.0,6.0,7215.0,48.0,0.0,172.0,4.0
feb07,Bidar,18,7457.0,1.0,7216.0,65.0,0.0,172.0,4.0
feb08,Bidar,2,7459.0,11.0,7227.0,56.0,0.0,172.0,4.0
feb09,Bidar,6,7465.0,5.0,7232.0,57.0,0.0,172.0,4.0
feb10,Bidar,8,7473.0,2.0,7234.0,63.0,0.0,172.0,4.0
feb11,Bidar,0.0,7473.0,5.0,7239.0,58.0,0.0,172.0,4.0
feb12,Bidar,5.0,7478.0,14.0,7253.0,49.0,0.0,172.0,4.0
feb13,Bidar,1,7479.0,3.0,7256.0,47.0,0.0,172.0,4.0
feb14,Bidar,1,7480.0,4.0,7260.0,44.0,0.0,172.0,4.0
feb15,Bidar,0,7480.0,5.0,7265.0,39.0,0.0,172.0,4.0
feb16,Bidar,4,7484.0,16.0,7281.0,27.0,0.0,172.0,4.0
feb17,Bidar,1.0,7485.0,9.0,7290.0,19.0,0.0,172.0,4.0
feb18,Bidar,3.0,7488.0,6.0,7296.0,16.0,0.0,172.0,4.0
feb19,Bidar,0,7488.0,2.0,7298.0,14.0,0.0,172.0,4.0
feb20,Bidar,15,7503.0,1.0,7299.0,28.0,0.0,172.0,4.0
feb21,Bidar,3,7506.0,1.0,7300.0,30.0,0.0,172.0,4.0
feb22,Bidar,4,7510.0,6.0,7306.0,28.0,0.0,172.0,4.0
feb23,Bidar,1,7511.0,2.0,7308.0,27.0,0.0,172.0,4.0
feb24,Bidar,4,7515.0,3.0,7311.0,28.0,0.0,172.0,4.0
feb25,Bidar,6,7521.0,5.0,7316.0,29.0,0.0,172.0,4.0
feb26,Bidar,5,7526.0,2.0,7318.0,32.0,0.0,172.0,4.0
feb27,Bidar,9,7535.0,0.0,7318.0,41.0,0.0,172.0,4.0
feb28,Bidar,10,7545.0,4.0,7322.0,47.0,0.0,172.0,4.0
