date,District_Name,Todays_Positives,Total_Positives,Todays_Discharges,Total_Discharges,Total_Active_Cases,Todays_Covid_Deaths,Total_Covid_Deaths,Non_Covid_Deaths
july01,Chikkaballapura,15.0,229.0,6.0,164.0,62.0,,2.0,1.0
july02,Chikkaballapura,1.0,230.0,1.0,165.0,62.0,,2.0,1.0
july03,Chikkaballapura,3.0,233.0,2.0,167.0,60.0,,5.0,1.0
july04,Chikkaballapura,12.0,245.0,0.0,167.0,72.0,,5.0,1.0
july05,Chikkaballapura,13.0,258.0,5.0,172.0,79.0,,6.0,1.0
july06,Chikkaballapura,7.0,265.0,19.0,191.0,66.0,,7.0,1.0
july07,Chikkaballapura,3.0,268.0,0.0,191.0,69.0,,7.0,1.0
july08,Chikkaballapura,32.0,300.0,3.0,194.0,96.0,,9.0,1.0
july10,Chikkaballapura,12.0,344.0,10.0,210.0,122.0,,11.0,1.0
july11,Chikkaballapura,20.0,364.0,0.0,210.0,140.0,,13.0,1.0
july12,Chikkaballapura,39.0,403.0,4.0,214.0,175.0,0.0,13.0,1.0
july13,Chikkaballapura,42.0,445.0,0.0,214.0,217.0,0.0,13.0,1.0
july14,Chikkaballapura,13.0,458.0,0.0,214.0,230.0,0.0,13.0,1.0
july15,Chikkaballapura,32.0,490.0,35.0,249.0,225.0,2.0,15.0,1.0
july16,Chikkaballapura,77.0,567.0,13.0,262.0,289.0,0.0,15.0,1.0
july17,Chikkaballapura,31.0,598.0,0.0,262.0,319.0,1.0,16.0,1.0
july19,Chikkaballapura,135.0,840.0,38.0,300.0,522.0,0.0,17.0,1.0
july20,Chikkaballapura,60.0,900.0,0.0,300.0,582.0,0.0,17.0,1.0
july21,Chikkaballapura,81.0,981.0,0.0,300.0,662.0,1.0,18.0,1.0
july22,Chikkaballapura,110.0,1091.0,92.0,392.0,678.0,2.0,20.0,1.0
july23,Chikkaballapura,65.0,1156.0,49.0,441.0,691.0,3.0,23.0,1.0
july24,Chikkaballapura,92.0,1248.0,78.0,519.0,702.0,3.0,26.0,1.0
july25,Chikkaballapura,101.0,1349.0,29.0,548.0,772.0,2.0,28.0,1.0
july26,Chikkaballapura,81.0,1430.0,37.0,585.0,814.0,2.0,30.0,1.0
july27,Chikkaballapura,40.0,1470.0,29.0,614.0,825.0,0.0,30.0,1.0
july28,Chikkaballapura,72.0,1542.0,152.0,766.0,742.0,3.0,33.0,1.0
july29,Chikkaballapura,96.0,1638.0,95.0,861.0,742.0,1.0,34.0,1.0
july30,Chikkaballapura,82.0,1720.0,176.0,1037.0,648.0,0.0,34.0,1.0
july31,Chikkaballapura,48.0,1768.0,46.0,1078.0,655.0,0.0,34.0,1.0
aug01,Chikkaballapura,72.0,1840.0,24.0,1102.0,702.0,1.0,35.0,1.0
aug02,Chikkaballapura,55.0,1895.0,65.0,1167.0,691.0,1.0,36.0,1.0
aug03,Chikkaballapura,58.0,1953.0,90.0,1257.0,657.0,2.0,38.0,1.0
aug04,Chikkaballapura,171.0,2124.0,31.0,1288.0,795.0,2.0,40.0,1.0
aug05,Chikkaballapura,129.0,2253.0,62.0,1350.0,862.0,0.0,40.0,1.0
aug06,Chikkaballapura,117.0,2370.0,14.0,1364.0,964.0,1.0,41.0,1.0
aug07,Chikkaballapura,64.0,2434.0,49.0,1413.0,978.0,1.0,42.0,1.0
aug08,Chikkaballapura,66.0,2500.0,70.0,1483.0,974.0,0.0,42.0,1.0
aug09,Chikkaballapura,47.0,2547.0,30.0,1513.0,991.0,0.0,42.0,1.0
aug10,Chikkaballapura,26.0,2573.0,35.0,1548.0,981.0,1.0,43.0,1.0
aug11,Chikkaballapura,33.0,2606.0,68.0,1616.0,944.0,2.0,45.0,1.0
aug12,Chikkaballapura,81.0,2687.0,90.0,1706.0,933.0,2.0,47.0,1.0
aug13,Chikkaballapura,25.0,2712.0,73.0,1779.0,884.0,1.0,48.0,1.0
aug14,Chikkaballapura,42.0,2754.0,68.0,1847.0,858.0,0.0,48.0,1.0
aug15,Chikkaballapura,44.0,2798.0,212.0,2059.0,689.0,1.0,49.0,1.0
aug16,Chikkaballapura,98.0,2896.0,73.0,2132.0,713.0,1.0,50.0,1.0
aug17,Chikkaballapura,41.0,2937.0,163.0,2295.0,591.0,0.0,50.0,1.0
aug18,Chikkaballapura,82.0,3019.0,130.0,2425.0,543.0,0.0,50.0,1.0
aug19,Chikkaballapura,73.0,3092.0,17.0,2442.0,599.0,0.0,50.0,1.0
aug20,Chikkaballapura,76.0,3168.0,123.0,2565.0,549.0,3.0,53.0,1.0
aug21,Chikkaballapura,61.0,3229.0,93.0,2658.0,517.0,0.0,53.0,1.0
aug22,Chikkaballapura,79.0,3308.0,17.0,2675.0,579.0,0.0,53.0,1.0
aug23,Chikkaballapura,81.0,3389.0,40.0,2715.0,618.0,2.0,55.0,1.0
aug24,Chikkaballapura,76.0,3465.0,107.0,2822.0,585.0,2.0,57.0,1.0
aug25,Chikkaballapura,93,3558.0,73.0,2895.0,605.0,0.0,57.0,1.0
aug26,Chikkaballapura,87.0,3645.0,68.0,2963.0,622.0,2.0,59.0,1.0
aug27,Chikkaballapura,101.0,3746.0,90.0,3053.0,633.0,0.0,59.0,1.0
aug28,Chikkaballapura,124.0,3870.0,101.0,3154.0,655.0,1.0,60.0,1.0
aug29,Chikkaballapura,102.0,3972.0,99.0,3253.0,658.0,0.0,60.0,1.0
aug30,Chikkaballapura,127.0,4099.0,40.0,3293.0,743.0,2.0,62.0,1.0
aug31,Chikkaballapura,68.0,4167.0,39.0,3332.0,771.0,1.0,63.0,1.0
sep01,Chikkaballapura,106.0,4273.0,81.0,3413.0,794.0,2.0,65.0,1.0
sep02,Chikkaballapura,100.0,4373.0,61.0,3474.0,833.0,0.0,65.0,1.0
sep03,Chikkaballapura,104.0,4477.0,74.0,3548.0,863.0,0.0,65.0,1.0
sep04,Chikkaballapura,206.0,4683.0,69.0,3617.0,999.0,1.0,66.0,1.0
sep06,Chikkaballapura,81.0,4897.0,112.0,3815.0,1013.0,1.0,68.0,1.0
sep07,Chikkaballapura,82.0,4979.0,107.0,3922.0,987.0,1.0,69.0,1.0
sep08,Chikkaballapura,82.0,5061.0,114.0,4036.0,955.0,0.0,69.0,1.0
sep09,Chikkaballapura,141,5202.0,171.0,4207.0,925.0,0.0,69.0,1.0
sep10,Chikkaballapura,167,5369.0,144.0,4303.0,995.0,1.0,70.0,1.0
sep11,Chikkaballapura,131.0,5500.0,86.0,4389.0,1040.0,0.0,70.0,1.0
sep12,Chikkaballapura,101.0,5601.0,138.0,4527.0,1003.0,0.0,70.0,1.0
sep13,Chikkaballapura,85.0,5686.0,101.0,4628.0,986.0,1.0,71.0,1.0
sep14,Chikkaballapura,140.0,5826.0,95.0,4723.0,1029.0,2.0,73.0,1.0
sep15,Chikkaballapura,150.0,5976.0,164.0,4887.0,1015.0,0.0,73.0,1.0
sep16,Chikkaballapura,149.0,6125.0,158.0,5045.0,1001.0,2.0,78.0,1.0
sep17,Chikkaballapura,102.0,6227.0,55.0,5100.0,1048.0,0.0,78.0,1.0
sep18,Chikkaballapura,63.0,6290.0,107.0,5207.0,1004.0,0.0,78.0,1.0
sep19,Chikkaballapura,89.0,6379.0,95.0,5302.0,998.0,0.0,78.0,1.0
sep20,Chikkaballapura,81.0,6460.0,97.0,5399.0,982.0,0.0,78.0,1.0
sep21,Chikkaballapura,110.0,6570.0,72.0,5471.0,1018.0,2.0,80.0,1.0
sep22,Chikkaballapura,71.0,6641.0,53.0,5524.0,1035.0,1.0,81.0,1.0
sep23,Chikkaballapura,84.0,6725.0,14.0,5538.0,1105.0,0.0,81.0,1.0
sep24,Chikkaballapura,45.0,6770.0,12.0,5550.0,1138.0,0.0,81.0,1.0
sep25,Chikkaballapura,14.0,6784.0,13.0,5563.0,1139.0,0.0,81.0,1.0
sep26,Chikkaballapura,164.0,6948.0,9.0,5572.0,1292.0,2.0,83.0,1.0
sep27,Chikkaballapura,195.0,7143.0,26.0,5598.0,1461.0,0.0,83.0,1.0
sep28,Chikkaballapura,106.0,7249.0,11.0,5609.0,1555.0,1.0,84.0,1.0
sep29,Chikkaballapura,141.0,7390.0,61.0,5670.0,1634.0,1.0,85.0,1.0
sep30,Chikkaballapura,89.0,7479.0,32.0,5702.0,1691.0,0.0,85.0,1.0
oct01,Chikkaballapura,44,7523.0,70.0,5772.0,1664.0,1.0,86.0,1.0
oct02,Chikkaballapura,91,7614.0,25.0,5797.0,1730.0,0.0,86.0,1.0
oct03,Chikkaballapura,234,7848.0,15.0,5812.0,1949.0,0.0,86.0,1.0
oct04,Chikkaballapura,128,7976.0,63.0,5875.0,2014.0,0.0,86.0,1.0
oct05,Chikkaballapura,92,8068.0,20.0,5895.0,2086.0,0.0,86.0,1.0
oct06,Chikkaballapura,152,8220.0,510.0,6405.0,1728.0,0.0,86.0,1.0
oct07,Chikkaballapura,115,8335.0,215.0,6620.0,1628.0,0.0,86.0,1.0
oct08,Chikkaballapura,100,8435.0,244.0,6864.0,1484.0,0.0,86.0,1.0
oct09,Chikkaballapura,154,8589.0,285.0,7149.0,1349.0,4.0,90.0,1.0
oct10,Chikkaballapura,122,8711.0,194.0,7343.0,1277.0,0.0,90.0,1.0
oct11,Chikkaballapura,55,8766.0,71.0,7414.0,1259.0,2.0,92.0,1.0
oct12,Chikkaballapura,128,8894.0,248.0,7662.0,1137.0,2.0,94.0,1.0
oct13,Chikkaballapura,136,9030.0,133.0,7795.0,1140.0,0.0,94.0,1.0
oct14,Chikkaballapura,137,9167.0,128.0,7923.0,1148.0,1.0,95.0,1.0
oct15,Chikkaballapura,230,9397.0,129.0,8052.0,1245.0,4.0,99.0,1.0
oct16,Chikkaballapura,270,9667.0,269.0,8321.0,1244.0,2.0,101.0,1.0
oct17,Chikkaballapura,124,9791.0,177.0,8498.0,1190.0,1.0,102.0,1.0
oct18,Chikkaballapura,86,9877.0,236.0,8734.0,1040.0,0.0,102.0,1.0
oct19,Chikkaballapura,193,10070.0,165.0,8899.0,1066.0,2.0,104.0,1.0
oct20,Chikkaballapura,166,10236.0,103.0,9002.0,1129.0,0.0,104.0,1.0
oct21,Chikkaballapura,116,10352.0,165.0,9167.0,1080.0,0.0,104.0,1.0
oct22,Chikkaballapura,237,10589.0,156.0,9323.0,1160.0,1.0,105.0,1.0
oct24,Chikkaballapura,78,10775.0,80.0,9559.0,1108.0,0.0,107.0,1.0
oct25,Chikkaballapura,50,10825.0,223.0,9782.0,935.0,0.0,107.0,1.0
oct26,Chikkaballapura,56,10881.0,161.0,9943.0,830.0,0.0,107.0,1.0
oct27,Chikkaballapura,73,10954.0,212.0,10155.0,691.0,0.0,107.0,1.0
oct28,Chikkaballapura,69,11023.0,128.0,10283.0,630.0,2.0,109.0,1.0
oct29,Chikkaballapura,42,11065.0,243.0,10526.0,429.0,0.0,109.0,1.0
oct30,Chikkaballapura,143,11208.0,68.0,10594.0,503.0,1.0,110.0,1.0
oct31,Chikkaballapura,33,11241.0,200.0,10794.0,336.0,0.0,110.0,1.0
dec01,Chikkaballapura,12,12125.0,36.0,11857.0,154.0,0.0,113.0,1.0
dec02,Chikkaballapura,15,12140.0,16.0,11873.0,153.0,0.0,113.0,1.0
dec03,Chikkaballapura,16,12156.0,19.0,11892.0,150.0,0.0,113.0,1.0
dec04,Chikkaballapura,20,12176.0,15.0,11907.0,155.0,0.0,113.0,1.0
dec05,Chikkaballapura,27,12203.0,24.0,11931.0,158.0,0.0,113.0,1.0
dec06,Chikkaballapura,7,12210.0,23.0,11954.0,142.0,0.0,113.0,1.0
dec07,Chikkaballapura,48,12258.0,29.0,11983.0,161.0,0.0,113.0,1.0
dec08,Chikkaballapura,50,12308.0,16.0,11999.0,194.0,1.0,114.0,1.0
dec09,Chikkaballapura,34,12342.0,15.0,12014.0,213.0,0.0,114.0,1.0
dec10,Chikkaballapura,22,12364.0,18.0,12032.0,217.0,0.0,114.0,1.0
dec11,Chikkaballapura,52,12416.0,37.0,12069.0,232.0,0.0,114.0,1.0
dec12,Chikkaballapura,39,12455.0,20.0,12089.0,251.0,0.0,114.0,1.0
dec13,Chikkaballapura,55,12510.0,42.0,12131.0,264.0,0.0,114.0,1.0
dec14,Chikkaballapura,31,12541.0,39.0,12170.0,256.0,0.0,114.0,1.0
dec15,Chikkaballapura,56,12597.0,33.0,12203.0,278.0,1.0,115.0,1.0
dec16,Chikkaballapura,14,12611.0,19.0,12222.0,273.0,0.0,115.0,1.0
dec17,Chikkaballapura,16,12627.0,25.0,12247.0,263.0,1.0,116.0,1.0
dec18,Chikkaballapura,25,12652.0,45.0,12292.0,243.0,0.0,116.0,1.0
dec19,Chikkaballapura,20,12672.0,32.0,12324.0,231.0,0.0,116.0,1.0
dec20,Chikkaballapura,13,12685.0,29.0,12353.0,215.0,0.0,116.0,1.0
dec21,Chikkaballapura,26,12711.0,42.0,12395.0,199.0,0.0,116.0,1.0
dec22,Chikkaballapura,58,12769.0,30.0,12425.0,227.0,0.0,116.0,1.0
dec23,Chikkaballapura,7,12776.0,28.0,12453.0,206.0,0.0,116.0,1.0
dec24,Chikkaballapura,27,12803.0,29.0,12482.0,204.0,0.0,116.0,1.0
dec25,Chikkaballapura,15,12818.0,19.0,12501.0,200.0,0.0,116.0,1.0
dec26,Chikkaballapura,25,12843.0,21.0,12522.0,204.0,0.0,116.0,1.0
dec27,Chikkaballapura,32,12875.0,17.0,12539.0,219.0,0.0,116.0,1.0
dec28,Chikkaballapura,28,12903.0,29.0,12568.0,218.0,0.0,116.0,1.0
dec29,Chikkaballapura,18,12921.0,26.0,12594.0,210.0,0.0,116.0,1.0
dec30,Chikkaballapura,31,12952.0,19.0,12613.0,222.0,0.0,116.0,1.0
dec31,Chikkaballapura,19,12971.0,19.0,12632.0,222.0,0.0,116.0,1.0
jan01,Chikkaballapura,29,13000.0,16.0,12648.0,234.0,1.0,117.0,1.0
jan02,Chikkaballapura,29,13029.0,64.0,12712.0,199.0,0.0,117.0,1.0
jan03,Chikkaballapura,32,13061.0,19.0,12731.0,212.0,0.0,117.0,1.0
jan04,Chikkaballapura,19,13080.0,101.0,12832.0,130.0,0.0,117.0,1.0
jan05,Chikkaballapura,29,13109.0,14.0,12846.0,145.0,0.0,117.0,1.0
jan06,Chikkaballapura,30,13139.0,18.0,12864.0,157.0,0.0,117.0,1.0
jan07,Chikkaballapura,20,13159.0,24.0,12888.0,153.0,0.0,117.0,1.0
jan08,Chikkaballapura,8,13167.0,24.0,12912.0,137.0,0.0,117.0,1.0
jan09,Chikkaballapura,31,13198.0,17.0,12929.0,151.0,0.0,117.0,1.0
jan10,Chikkaballapura,27,13225.0,13.0,12942.0,165.0,0.0,117.0,1.0
jan11,Chikkaballapura,9,13234.0,19.0,12961.0,155.0,0.0,117.0,1.0
jan12,Chikkaballapura,53,13287.0,27.0,12988.0,181.0,0.0,117.0,1.0
jan13,Chikkaballapura,39,13326.0,17.0,13005.0,203.0,0.0,117.0,1.0
jan14,Chikkaballapura,8,13334.0,21.0,13026.0,190.0,0.0,117.0,1.0
jan15,Chikkaballapura,17,13351.0,69.0,13095.0,138.0,0.0,117.0,1.0
jan16,Chikkaballapura,18,13369.0,28.0,13123.0,128.0,0.0,117.0,1.0
jan17,Chikkaballapura,4,13373.0,21.0,13144.0,111.0,0.0,117.0,1.0
jan18,Chikkaballapura,14,13387.0,25.0,13169.0,100.0,0.0,117.0,1.0
jan19,Chikkaballapura,36,13423.0,22.0,13191.0,114.0,0.0,117.0,1.0
jan20,Chikkaballapura,16,13439.0,19.0,13210.0,111.0,0.0,117.0,1.0
jan21,Chikkaballapura,18,13457.0,10.0,13220.0,119.0,0.0,117.0,1.0
jan22,Chikkaballapura,14,13471.0,18.0,13238.0,115.0,0.0,117.0,1.0
jan23,Chikkaballapura,19,13490.0,20.0,13258.0,114.0,0.0,117.0,1.0
jan24,Chikkaballapura,19,13509.0,15.0,13273.0,118.0,0.0,117.0,1.0
jan25,Chikkaballapura,1,13510.0,23.0,13296.0,96.0,0.0,117.0,1.0
jan26,Chikkaballapura,33,13543.0,34.0,13330.0,95.0,0.0,117.0,1.0
jan27,Chikkaballapura,3,13546.0,24.0,13354.0,74.0,0.0,117.0,1.0
jan28,Chikkaballapura,15,13561.0,16.0,13370.0,73.0,0.0,117.0,1.0
jan29,Chikkaballapura,6.0,13567.0,13.0,13383.0,66.0,0.0,117.0,1.0
jan30,Chikkaballapura,20,13587.0,17.0,13400.0,69.0,0.0,117.0,1.0
jan31,Chikkaballapura,17,13604.0,13.0,13413.0,73.0,0.0,117.0,1.0
feb01,Chikkaballapura,1,13605.0,12.0,13425.0,62.0,0.0,117.0,1.0
feb02,Chikkaballapura,14,13619.0,10.0,13435.0,66.0,0.0,117.0,1.0
feb03,Chikkaballapura,3.0,13622.0,9.0,13444.0,60.0,0.0,117.0,1.0
feb04,Chikkaballapura,4.0,13626.0,5.0,13449.0,59.0,0.0,117.0,1.0
feb05,Chikkaballapura,5.0,13631.0,13.0,13462.0,51.0,0.0,117.0,1.0
feb06,Chikkaballapura,9,13640.0,22.0,13484.0,38.0,0.0,117.0,1.0
feb07,Chikkaballapura,6,13646.0,9.0,13493.0,35.0,0.0,117.0,1.0
feb08,Chikkaballapura,4,13650.0,7.0,13500.0,32.0,0.0,117.0,1.0
feb09,Chikkaballapura,4,13654.0,5.0,13505.0,31.0,0.0,117.0,1.0
feb10,Chikkaballapura,6,13660.0,5.0,13510.0,32.0,0.0,117.0,1.0
feb11,Chikkaballapura,5.0,13665.0,10.0,13520.0,27.0,0.0,117.0,1.0
feb12,Chikkaballapura,6.0,13671.0,7.0,13527.0,26.0,0.0,117.0,1.0
feb13,Chikkaballapura,3,13674.0,7.0,13534.0,22.0,0.0,117.0,1.0
feb14,Chikkaballapura,3,13677.0,4.0,13538.0,21.0,0.0,117.0,1.0
feb15,Chikkaballapura,4,13681.0,8.0,13546.0,17.0,0.0,117.0,1.0
feb16,Chikkaballapura,2,13683.0,8.0,13554.0,11.0,0.0,117.0,1.0
feb17,Chikkaballapura,7.0,13690.0,3.0,13557.0,15.0,0.0,117.0,1.0
feb18,Chikkaballapura,3.0,13693.0,3.0,13560.0,15.0,0.0,117.0,1.0
feb19,Chikkaballapura,6,13699.0,4.0,13564.0,17.0,0.0,117.0,1.0
feb20,Chikkaballapura,5,13704.0,3.0,13567.0,19.0,0.0,117.0,1.0
feb21,Chikkaballapura,4,13708.0,5.0,13572.0,18.0,0.0,117.0,1.0
feb22,Chikkaballapura,7,13715.0,5.0,13577.0,20.0,0.0,117.0,1.0
feb23,Chikkaballapura,1,13716.0,5.0,13582.0,16.0,0.0,117.0,1.0
feb24,Chikkaballapura,7,13723.0,4.0,13586.0,19.0,0.0,117.0,1.0
feb25,Chikkaballapura,4,13727.0,8.0,13594.0,15.0,0.0,117.0,1.0
feb26,Chikkaballapura,1,13728.0,3.0,13597.0,13.0,0.0,117.0,1.0
feb27,Chikkaballapura,11,13739.0,4.0,13601.0,20.0,0.0,117.0,1.0
feb28,Chikkaballapura,6,13745.0,5.0,13606.0,21.0,0.0,117.0,1.0
