date,District_Name,Todays_Positives,Total_Positives,Todays_Discharges,Total_Discharges,Total_Active_Cases,Todays_Covid_Deaths,Total_Covid_Deaths,Non_Covid_Deaths
july01,Chitradurga,12.0,74.0,0.0,43.0,31.0,,0.0,0.0
july02,Chitradurga,3.0,77.0,0.0,43.0,34.0,,0.0,0.0
july03,Chitradurga,3.0,80.0,0.0,43.0,37.0,,0.0,0.0
july04,Chitradurga,0.0,80.0,5.0,48.0,32.0,,0.0,0.0
july05,Chitradurga,3.0,83.0,0.0,48.0,35.0,,0.0,0.0
july06,Chitradurga,6.0,89.0,0.0,48.0,41.0,,0.0,0.0
july07,Chitradurga,1.0,90.0,4.0,52.0,38.0,,0.0,0.0
july08,Chitradurga,2.0,92.0,12.0,64.0,28.0,,0.0,0.0
july10,Chitradurga,0.0,94.0,6.0,70.0,24.0,,0.0,0.0
july11,Chitradurga,9.0,103.0,0.0,70.0,33.0,,0.0,0.0
july12,Chitradurga,0.0,103.0,3.0,73.0,30.0,0.0,0.0,0.0
july13,Chitradurga,8.0,111.0,0.0,73.0,38.0,0.0,0.0,0.0
july14,Chitradurga,10.0,121.0,1.0,74.0,47.0,0.0,0.0,0.0
july15,Chitradurga,12.0,133.0,0.0,74.0,58.0,1.0,1.0,0.0
july16,Chitradurga,21.0,154.0,0.0,74.0,79.0,0.0,1.0,0.0
july17,Chitradurga,24.0,178.0,0.0,74.0,103.0,0.0,1.0,0.0
july19,Chitradurga,17.0,217.0,34.0,108.0,108.0,0.0,1.0,0.0
july20,Chitradurga,29.0,246.0,4.0,112.0,131.0,2.0,3.0,0.0
july21,Chitradurga,23.0,269.0,0.0,112.0,154.0,0.0,3.0,0.0
july22,Chitradurga,40.0,309.0,9.0,121.0,185.0,0.0,3.0,0.0
july23,Chitradurga,10.0,319.0,0.0,121.0,195.0,0.0,3.0,0.0
july24,Chitradurga,13.0,332.0,10.0,131.0,195.0,3.0,6.0,0.0
july25,Chitradurga,16.0,348.0,3.0,134.0,208.0,0.0,6.0,0.0
july26,Chitradurga,53.0,401.0,0.0,134.0,261.0,0.0,6.0,0.0
july27,Chitradurga,51.0,452.0,12.0,146.0,300.0,0.0,6.0,0.0
july28,Chitradurga,66.0,518.0,0.0,146.0,366.0,0.0,6.0,0.0
july29,Chitradurga,52.0,570.0,14.0,160.0,404.0,0.0,6.0,0.0
july30,Chitradurga,47.0,617.0,0.0,160.0,451.0,0.0,6.0,0.0
july31,Chitradurga,35.0,652.0,27.0,186.0,460.0,0.0,6.0,0.0
aug01,Chitradurga,60.0,712.0,72.0,258.0,445.0,3.0,9.0,0.0
aug02,Chitradurga,46.0,758.0,0.0,258.0,491.0,0.0,9.0,0.0
aug03,Chitradurga,33.0,791.0,0.0,258.0,524.0,0.0,9.0,0.0
aug04,Chitradurga,12.0,803.0,79.0,337.0,454.0,3.0,12.0,0.0
aug05,Chitradurga,24.0,827.0,42.0,379.0,436.0,0.0,12.0,0.0
aug06,Chitradurga,58.0,885.0,72.0,451.0,422.0,0.0,12.0,0.0
aug07,Chitradurga,57.0,942.0,8.0,459.0,471.0,0.0,12.0,0.0
aug08,Chitradurga,63.0,1005.0,21.0,480.0,513.0,0.0,12.0,0.0
aug09,Chitradurga,98.0,1103.0,25.0,505.0,584.0,2.0,14.0,0.0
aug10,Chitradurga,38.0,1141.0,6.0,511.0,616.0,0.0,14.0,0.0
aug11,Chitradurga,47.0,1188.0,20.0,531.0,643.0,0.0,14.0,0.0
aug12,Chitradurga,61.0,1249.0,24.0,555.0,680.0,0.0,14.0,0.0
aug13,Chitradurga,67.0,1316.0,82.0,637.0,665.0,0.0,14.0,0.0
aug14,Chitradurga,77.0,1393.0,43.0,680.0,699.0,0.0,14.0,0.0
aug15,Chitradurga,34.0,1427.0,163.0,843.0,570.0,0.0,14.0,0.0
aug16,Chitradurga,71.0,1498.0,0.0,843.0,641.0,0.0,14.0,0.0
aug17,Chitradurga,21.0,1519.0,117.0,960.0,545.0,0.0,14.0,0.0
aug18,Chitradurga,41.0,1560.0,70.0,1030.0,516.0,0.0,14.0,0.0
aug19,Chitradurga,47.0,1607.0,79.0,1109.0,484.0,0.0,14.0,0.0
aug20,Chitradurga,60.0,1667.0,0.0,1109.0,544.0,0.0,14.0,0.0
aug21,Chitradurga,98.0,1765.0,21.0,1130.0,621.0,0.0,14.0,0.0
aug22,Chitradurga,89.0,1854.0,154.0,1284.0,556.0,0.0,14.0,0.0
aug23,Chitradurga,71.0,1925.0,92.0,1376.0,532.0,3.0,17.0,0.0
aug24,Chitradurga,28.0,1953.0,79.0,1455.0,481.0,0.0,17.0,0.0
aug25,Chitradurga,114,2067.0,14.0,1469.0,578.0,3.0,20.0,0.0
aug26,Chitradurga,78.0,2145.0,2.0,1471.0,654.0,0.0,20.0,0.0
aug27,Chitradurga,61.0,2206.0,39.0,1510.0,676.0,0.0,20.0,0.0
aug28,Chitradurga,150.0,2356.0,78.0,1588.0,748.0,0.0,20.0,0.0
aug29,Chitradurga,100.0,2456.0,28.0,1616.0,820.0,0.0,20.0,0.0
aug30,Chitradurga,95.0,2551.0,0.0,1616.0,913.0,2.0,22.0,0.0
aug31,Chitradurga,286.0,2837.0,0.0,1616.0,1199.0,0.0,22.0,0.0
sep01,Chitradurga,164.0,3001.0,63.0,1679.0,1300.0,0.0,22.0,0.0
sep02,Chitradurga,174.0,3175.0,91.0,1770.0,1380.0,3.0,25.0,0.0
sep03,Chitradurga,151.0,3326.0,101.0,1871.0,1430.0,0.0,25.0,0.0
sep04,Chitradurga,92.0,3418.0,46.0,1917.0,1476.0,0.0,25.0,0.0
sep06,Chitradurga,261.0,3919.0,49.0,2160.0,1734.0,0.0,25.0,0.0
sep07,Chitradurga,50.0,3969.0,73.0,2233.0,1711.0,0.0,25.0,0.0
sep08,Chitradurga,23.0,3992.0,179.0,2412.0,1555.0,0.0,25.0,0.0
sep09,Chitradurga,94,4086.0,209.0,2621.0,1438.0,2.0,27.0,0.0
sep10,Chitradurga,142,4228.0,91.0,2712.0,1489.0,0.0,27.0,0.0
sep11,Chitradurga,247.0,4475.0,643.0,3355.0,1091.0,2.0,29.0,0.0
sep12,Chitradurga,227.0,4702.0,126.0,3481.0,1188.0,4.0,33.0,0.0
sep13,Chitradurga,232.0,4934.0,134.0,3615.0,1286.0,0.0,33.0,0.0
sep14,Chitradurga,198.0,5132.0,14.0,3629.0,1470.0,0.0,33.0,0.0
sep15,Chitradurga,127.0,5259.0,53.0,3682.0,1544.0,0.0,33.0,0.0
sep16,Chitradurga,227.0,5486.0,0.0,3682.0,1771.0,0.0,33.0,0.0
sep17,Chitradurga,152.0,5638.0,0.0,3682.0,1923.0,0.0,33.0,0.0
sep18,Chitradurga,141.0,5779.0,184.0,3866.0,1880.0,0.0,33.0,0.0
sep19,Chitradurga,84.0,5863.0,263.0,4129.0,1701.0,0.0,33.0,0.0
sep20,Chitradurga,0.0,5863.0,173.0,4302.0,1528.0,0.0,33.0,0.0
sep21,Chitradurga,326.0,6189.0,246.0,4548.0,1608.0,0.0,33.0,0.0
sep22,Chitradurga,122.0,6311.0,0.0,4548.0,1730.0,0.0,33.0,0.0
sep23,Chitradurga,89.0,6400.0,181.0,4729.0,1638.0,0.0,33.0,0.0
sep24,Chitradurga,64.0,6464.0,313.0,5042.0,1389.0,0.0,33.0,0.0
sep25,Chitradurga,79.0,6543.0,244.0,5286.0,1224.0,0.0,33.0,0.0
sep26,Chitradurga,70.0,6613.0,81.0,5367.0,1213.0,0.0,33.0,0.0
sep27,Chitradurga,198.0,6811.0,85.0,5452.0,1324.0,2.0,35.0,0.0
sep28,Chitradurga,176.0,6987.0,228.0,5680.0,1272.0,0.0,35.0,0.0
sep29,Chitradurga,186.0,7173.0,88.0,5768.0,1367.0,3.0,38.0,0.0
sep30,Chitradurga,180.0,7353.0,138.0,5906.0,1409.0,0.0,38.0,0.0
oct01,Chitradurga,82,7435.0,48.0,5954.0,1443.0,0.0,38.0,0.0
oct02,Chitradurga,169,7604.0,74.0,6028.0,1538.0,0.0,38.0,0.0
oct03,Chitradurga,76,7680.0,200.0,6228.0,1414.0,0.0,38.0,0.0
oct04,Chitradurga,122,7802.0,293.0,6521.0,1243.0,0.0,38.0,0.0
oct05,Chitradurga,276,8078.0,1.0,6522.0,1518.0,0.0,38.0,0.0
oct06,Chitradurga,332,8410.0,308.0,6830.0,1542.0,0.0,38.0,0.0
oct07,Chitradurga,217,8627.0,151.0,6981.0,1608.0,0.0,38.0,0.0
oct08,Chitradurga,215,8842.0,38.0,7019.0,1785.0,0.0,38.0,0.0
oct09,Chitradurga,418,9260.0,201.0,7220.0,2002.0,0.0,38.0,0.0
oct10,Chitradurga,447,9707.0,84.0,7304.0,2362.0,3.0,41.0,0.0
oct11,Chitradurga,378,10085.0,318.0,7622.0,2420.0,2.0,43.0,0.0
oct12,Chitradurga,210,10295.0,634.0,8256.0,1994.0,2.0,45.0,0.0
oct13,Chitradurga,242,10537.0,448.0,8704.0,1788.0,0.0,45.0,0.0
oct14,Chitradurga,162,10699.0,380.0,9084.0,1569.0,1.0,46.0,0.0
oct15,Chitradurga,159,10858.0,128.0,9212.0,1600.0,0.0,46.0,0.0
oct16,Chitradurga,95,10953.0,253.0,9465.0,1439.0,3.0,49.0,0.0
oct17,Chitradurga,80,11033.0,49.0,9514.0,1470.0,0.0,49.0,0.0
oct18,Chitradurga,226,11259.0,180.0,9694.0,1514.0,2.0,51.0,0.0
oct19,Chitradurga,106,11365.0,401.0,10095.0,1219.0,0.0,51.0,0.0
oct20,Chitradurga,109,11474.0,248.0,10343.0,1080.0,0.0,51.0,0.0
oct21,Chitradurga,74,11548.0,175.0,10518.0,978.0,1.0,52.0,0.0
oct22,Chitradurga,79,11627.0,237.0,10755.0,818.0,2.0,54.0,0.0
oct24,Chitradurga,84,11810.0,118.0,10999.0,755.0,1.0,56.0,0.0
oct25,Chitradurga,99,11909.0,111.0,11110.0,743.0,0.0,56.0,0.0
oct26,Chitradurga,86,11995.0,56.0,11166.0,773.0,0.0,56.0,0.0
oct27,Chitradurga,70,12065.0,97.0,11263.0,746.0,0.0,56.0,0.0
oct28,Chitradurga,70,12135.0,75.0,11338.0,741.0,0.0,56.0,0.0
oct29,Chitradurga,41,12176.0,100.0,11438.0,679.0,3.0,59.0,0.0
oct30,Chitradurga,122,12298.0,71.0,11509.0,730.0,0.0,59.0,0.0
oct31,Chitradurga,59,12357.0,180.0,11689.0,609.0,0.0,59.0,0.0
dec01,Chitradurga,33,13604.0,17.0,13236.0,304.0,1.0,64.0,0.0
dec02,Chitradurga,46,13650.0,31.0,13267.0,318.0,1.0,65.0,0.0
dec03,Chitradurga,40,13690.0,69.0,13336.0,289.0,0.0,65.0,0.0
dec04,Chitradurga,14,13704.0,22.0,13358.0,281.0,0.0,65.0,0.0
dec05,Chitradurga,8,13712.0,20.0,13378.0,268.0,1.0,66.0,0.0
dec06,Chitradurga,20,13732.0,41.0,13419.0,247.0,0.0,66.0,0.0
dec07,Chitradurga,3,13735.0,35.0,13454.0,215.0,0.0,66.0,0.0
dec08,Chitradurga,52,13787.0,19.0,13473.0,248.0,0.0,66.0,0.0
dec09,Chitradurga,41,13828.0,45.0,13518.0,244.0,0.0,66.0,0.0
dec10,Chitradurga,22,13850.0,25.0,13543.0,241.0,0.0,66.0,0.0
dec11,Chitradurga,40,13890.0,32.0,13575.0,248.0,1.0,67.0,0.0
dec12,Chitradurga,51,13941.0,22.0,13597.0,277.0,0.0,67.0,0.0
dec13,Chitradurga,33,13974.0,13.0,13610.0,297.0,0.0,67.0,0.0
dec14,Chitradurga,5,13979.0,15.0,13625.0,287.0,0.0,67.0,0.0
dec15,Chitradurga,10,13989.0,15.0,13640.0,281.0,1.0,68.0,0.0
dec16,Chitradurga,51,14040.0,34.0,13674.0,298.0,0.0,68.0,0.0
dec17,Chitradurga,27,14067.0,45.0,13719.0,280.0,0.0,68.0,0.0
dec18,Chitradurga,15,14082.0,18.0,13737.0,277.0,0.0,68.0,0.0
dec19,Chitradurga,16,14098.0,13.0,13750.0,280.0,0.0,68.0,0.0
dec20,Chitradurga,7,14105.0,63.0,13813.0,224.0,0.0,68.0,0.0
dec21,Chitradurga,19,14124.0,54.0,13867.0,189.0,0.0,68.0,0.0
dec22,Chitradurga,10,14134.0,5.0,13872.0,194.0,0.0,68.0,0.0
dec23,Chitradurga,18,14152.0,9.0,13881.0,203.0,0.0,68.0,0.0
dec24,Chitradurga,19,14171.0,46.0,13927.0,176.0,0.0,68.0,0.0
dec25,Chitradurga,13,14184.0,29.0,13956.0,160.0,0.0,68.0,0.0
dec26,Chitradurga,9,14193.0,14.0,13970.0,155.0,0.0,68.0,0.0
dec27,Chitradurga,21,14214.0,13.0,13983.0,163.0,0.0,68.0,0.0
dec28,Chitradurga,10,14224.0,10.0,13993.0,163.0,0.0,68.0,0.0
dec29,Chitradurga,7,14231.0,18.0,14011.0,152.0,0.0,68.0,0.0
dec30,Chitradurga,19,14250.0,14.0,14025.0,157.0,0.0,68.0,0.0
dec31,Chitradurga,20,14270.0,17.0,14042.0,160.0,0.0,68.0,0.0
jan01,Chitradurga,39,14309.0,17.0,14059.0,182.0,0.0,68.0,0.0
jan02,Chitradurga,5,14314.0,13.0,14072.0,174.0,0.0,68.0,0.0
jan03,Chitradurga,8,14322.0,9.0,14081.0,173.0,0.0,68.0,0.0
jan04,Chitradurga,37,14359.0,20.0,14101.0,190.0,0.0,68.0,0.0
jan05,Chitradurga,6,14365.0,6.0,14107.0,190.0,0.0,68.0,0.0
jan06,Chitradurga,11,14376.0,11.0,14118.0,190.0,0.0,68.0,0.0
jan07,Chitradurga,4,14380.0,14.0,14132.0,180.0,0.0,68.0,0.0
jan08,Chitradurga,10,14390.0,22.0,14154.0,168.0,0.0,68.0,0.0
jan09,Chitradurga,20,14410.0,38.0,14192.0,150.0,0.0,68.0,0.0
jan10,Chitradurga,5,14415.0,6.0,14198.0,149.0,0.0,68.0,0.0
jan11,Chitradurga,14,14429.0,7.0,14205.0,156.0,0.0,68.0,0.0
jan12,Chitradurga,17,14446.0,38.0,14243.0,135.0,0.0,68.0,0.0
jan13,Chitradurga,24,14470.0,5.0,14248.0,154.0,0.0,68.0,0.0
jan14,Chitradurga,19,14489.0,11.0,14259.0,162.0,0.0,68.0,0.0
jan15,Chitradurga,3,14492.0,4.0,14263.0,161.0,0.0,68.0,0.0
jan16,Chitradurga,8,14500.0,8.0,14271.0,161.0,0.0,68.0,0.0
jan17,Chitradurga,13,14513.0,10.0,14281.0,164.0,0.0,68.0,0.0
jan18,Chitradurga,17,14530.0,5.0,14286.0,176.0,0.0,68.0,0.0
jan19,Chitradurga,16,14546.0,7.0,14293.0,185.0,0.0,68.0,0.0
jan20,Chitradurga,19,14565.0,25.0,14318.0,178.0,1.0,69.0,0.0
jan21,Chitradurga,6,14571.0,19.0,14337.0,165.0,0.0,69.0,0.0
jan22,Chitradurga,8,14579.0,16.0,14353.0,157.0,0.0,69.0,0.0
jan23,Chitradurga,23,14602.0,7.0,14360.0,173.0,0.0,69.0,0.0
jan24,Chitradurga,7,14609.0,10.0,14370.0,170.0,0.0,69.0,0.0
jan25,Chitradurga,10,14619.0,10.0,14380.0,170.0,0.0,69.0,0.0
jan26,Chitradurga,11,14630.0,16.0,14396.0,165.0,0.0,69.0,0.0
jan27,Chitradurga,13,14643.0,19.0,14415.0,159.0,0.0,69.0,0.0
jan28,Chitradurga,15,14658.0,17.0,14432.0,157.0,0.0,69.0,0.0
jan29,Chitradurga,20.0,14678.0,7.0,14439.0,170.0,0.0,69.0,0.0
jan30,Chitradurga,11,14689.0,19.0,14458.0,162.0,0.0,69.0,0.0
jan31,Chitradurga,14,14703.0,9.0,14467.0,167.0,0.0,69.0,0.0
feb01,Chitradurga,5,14708.0,6.0,14473.0,166.0,0.0,69.0,0.0
feb02,Chitradurga,5,14713.0,11.0,14484.0,160.0,0.0,69.0,0.0
feb03,Chitradurga,9.0,14722.0,6.0,14490.0,163.0,0.0,69.0,0.0
feb04,Chitradurga,16.0,14738.0,14.0,14504.0,165.0,0.0,69.0,0.0
feb05,Chitradurga,9.0,14747.0,12.0,14516.0,162.0,0.0,69.0,0.0
feb06,Chitradurga,10,14757.0,19.0,14535.0,153.0,0.0,69.0,0.0
feb07,Chitradurga,16,14773.0,13.0,14548.0,156.0,0.0,69.0,0.0
feb08,Chitradurga,13,14786.0,8.0,14556.0,161.0,0.0,69.0,0.0
feb09,Chitradurga,9,14795.0,10.0,14566.0,160.0,0.0,69.0,0.0
feb10,Chitradurga,11,14806.0,14.0,14580.0,157.0,0.0,69.0,0.0
feb11,Chitradurga,13.0,14819.0,15.0,14595.0,155.0,0.0,69.0,0.0
feb12,Chitradurga,6.0,14825.0,31.0,14626.0,130.0,0.0,69.0,0.0
feb13,Chitradurga,10,14835.0,36.0,14662.0,104.0,0.0,69.0,0.0
feb14,Chitradurga,6,14841.0,23.0,14685.0,87.0,0.0,69.0,0.0
feb15,Chitradurga,4,14845.0,13.0,14698.0,78.0,0.0,69.0,0.0
feb16,Chitradurga,11,14856.0,8.0,14706.0,81.0,0.0,69.0,0.0
feb17,Chitradurga,2.0,14858.0,10.0,14716.0,73.0,0.0,69.0,0.0
feb18,Chitradurga,3.0,14861.0,7.0,14723.0,69.0,0.0,69.0,0.0
feb19,Chitradurga,2,14863.0,8.0,14731.0,63.0,0.0,69.0,0.0
feb20,Chitradurga,5,14868.0,2.0,14733.0,66.0,0.0,69.0,0.0
feb21,Chitradurga,7,14875.0,1.0,14734.0,72.0,0.0,69.0,0.0
feb22,Chitradurga,9,14884.0,2.0,14736.0,79.0,0.0,69.0,0.0
feb23,Chitradurga,3,14887.0,3.0,14739.0,79.0,0.0,69.0,0.0
feb24,Chitradurga,5,14892.0,6.0,14745.0,78.0,0.0,69.0,0.0
feb25,Chitradurga,4,14896.0,10.0,14755.0,72.0,0.0,69.0,0.0
feb26,Chitradurga,7,14903.0,3.0,14758.0,76.0,0.0,69.0,0.0
feb27,Chitradurga,4,14907.0,7.0,14765.0,73.0,0.0,69.0,0.0
feb28,Chitradurga,6,14913.0,5.0,14770.0,74.0,0.0,69.0,0.0
