date,District_Name,Todays_Positives,Total_Positives,Todays_Discharges,Total_Discharges,Total_Active_Cases,Todays_Covid_Deaths,Total_Covid_Deaths,Non_Covid_Deaths
july01,Davanagere,16.0,325.0,1.0,266.0,51.0,,8.0,0.0
july02,Davanagere,8.0,333.0,6.0,272.0,53.0,,8.0,0.0
july03,Davanagere,5.0,338.0,13.0,285.0,44.0,,9.0,0.0
july04,Davanagere,7.0,345.0,9.0,294.0,42.0,,9.0,0.0
july05,Davanagere,11.0,356.0,7.0,301.0,44.0,,11.0,0.0
july06,Davanagere,3.0,359.0,10.0,311.0,36.0,,12.0,0.0
july07,Davanagere,6.0,365.0,0.0,311.0,41.0,,13.0,0.0
july08,Davanagere,18.0,383.0,13.0,324.0,46.0,,13.0,0.0
july10,Davanagere,21.0,444.0,11.0,339.0,91.0,,14.0,0.0
july11,Davanagere,72.0,516.0,5.0,344.0,155.0,,17.0,0.0
july12,Davanagere,20.0,536.0,66.0,410.0,106.0,3.0,20.0,0.0
july13,Davanagere,45.0,581.0,21.0,431.0,129.0,1.0,21.0,0.0
july14,Davanagere,17.0,598.0,37.0,468.0,108.0,1.0,22.0,0.0
july15,Davanagere,35.0,633.0,15.0,483.0,128.0,0.0,22.0,0.0
july16,Davanagere,25.0,658.0,11.0,494.0,142.0,0.0,22.0,0.0
july17,Davanagere,31.0,689.0,50.0,544.0,121.0,2.0,24.0,0.0
july19,Davanagere,62.0,807.0,11.0,571.0,207.0,2.0,29.0,0.0
july20,Davanagere,73.0,880.0,0.0,571.0,279.0,1.0,30.0,0.0
july21,Davanagere,95.0,975.0,70.0,641.0,304.0,0.0,30.0,0.0
july22,Davanagere,96.0,1071.0,0.0,641.0,400.0,0.0,30.0,0.0
july23,Davanagere,107.0,1178.0,26.0,667.0,481.0,0.0,30.0,0.0
july24,Davanagere,77.0,1255.0,84.0,751.0,472.0,2.0,32.0,0.0
july25,Davanagere,79.0,1334.0,59.0,810.0,491.0,1.0,33.0,0.0
july26,Davanagere,89.0,1423.0,57.0,867.0,520.0,3.0,36.0,0.0
july27,Davanagere,110.0,1533.0,60.0,927.0,569.0,1.0,37.0,0.0
july28,Davanagere,135.0,1668.0,36.0,963.0,664.0,4.0,41.0,0.0
july29,Davanagere,225.0,1893.0,18.0,981.0,867.0,4.0,45.0,0.0
july30,Davanagere,86.0,1979.0,85.0,1066.0,867.0,1.0,46.0,0.0
july31,Davanagere,122.0,2101.0,136.0,1202.0,851.0,2.0,48.0,0.0
aug01,Davanagere,108.0,2209.0,188.0,1390.0,767.0,4.0,52.0,0.0
aug02,Davanagere,178.0,2387.0,89.0,1479.0,853.0,3.0,55.0,0.0
aug03,Davanagere,41.0,2428.0,82.0,1561.0,810.0,2.0,57.0,0.0
aug04,Davanagere,191.0,2619.0,93.0,1654.0,903.0,5.0,62.0,0.0
aug05,Davanagere,224.0,2843.0,91.0,1745.0,1030.0,6.0,68.0,0.0
aug06,Davanagere,197.0,3040.0,97.0,1842.0,1122.0,8.0,76.0,0.0
aug07,Davanagere,111.0,3151.0,206.0,2048.0,1025.0,2.0,78.0,0.0
aug08,Davanagere,132.0,3283.0,61.0,2109.0,1094.0,2.0,80.0,0.0
aug09,Davanagere,158.0,3441.0,117.0,2226.0,1126.0,9.0,89.0,0.0
aug10,Davanagere,225.0,3666.0,106.0,2332.0,1234.0,11.0,100.0,0.0
aug11,Davanagere,172.0,3838.0,145.0,2477.0,1257.0,4.0,104.0,0.0
aug12,Davanagere,239.0,4077.0,170.0,2647.0,1320.0,6.0,110.0,0.0
aug13,Davanagere,328.0,4405.0,224.0,2871.0,1421.0,3.0,113.0,0.0
aug14,Davanagere,351.0,4756.0,282.0,3153.0,1483.0,7.0,120.0,0.0
aug15,Davanagere,327.0,5083.0,267.0,3420.0,1538.0,5.0,125.0,0.0
aug16,Davanagere,218.0,5301.0,109.0,3529.0,1644.0,3.0,128.0,0.0
aug17,Davanagere,165.0,5466.0,212.0,3741.0,1597.0,0.0,128.0,0.0
aug18,Davanagere,332.0,5798.0,42.0,3783.0,1886.0,1.0,129.0,0.0
aug19,Davanagere,228.0,6026.0,66.0,3849.0,2041.0,7.0,136.0,0.0
aug20,Davanagere,245.0,6271.0,381.0,4230.0,1900.0,5.0,141.0,0.0
aug21,Davanagere,237.0,6508.0,158.0,4388.0,1972.0,7.0,148.0,0.0
aug22,Davanagere,277.0,6785.0,349.0,4737.0,1895.0,5.0,153.0,0.0
aug23,Davanagere,265.0,7050.0,178.0,4915.0,1980.0,2.0,155.0,0.0
aug24,Davanagere,167.0,7217.0,115.0,5030.0,2025.0,7.0,162.0,0.0
aug25,Davanagere,318,7535.0,600.0,5630.0,1738.0,5.0,167.0,0.0
aug26,Davanagere,233.0,7768.0,162.0,5792.0,1804.0,5.0,172.0,0.0
aug27,Davanagere,391.0,8159.0,236.0,6028.0,1959.0,0.0,172.0,0.0
aug28,Davanagere,379.0,8538.0,208.0,6236.0,2124.0,6.0,178.0,0.0
aug29,Davanagere,319.0,8857.0,228.0,6464.0,2212.0,3.0,181.0,0.0
aug30,Davanagere,373.0,9230.0,168.0,6632.0,2413.0,4.0,185.0,0.0
aug31,Davanagere,257.0,9487.0,371.0,7003.0,2293.0,6.0,191.0,0.0
sep01,Davanagere,289.0,9776.0,362.0,7365.0,2216.0,4.0,195.0,0.0
sep02,Davanagere,321.0,10097.0,119.0,7484.0,2417.0,1.0,196.0,0.0
sep03,Davanagere,222.0,10319.0,139.0,7623.0,2500.0,0.0,196.0,0.0
sep04,Davanagere,263.0,10582.0,125.0,7748.0,2628.0,10.0,206.0,0.0
sep06,Davanagere,221.0,11198.0,207.0,8193.0,2792.0,0.0,213.0,0.0
sep07,Davanagere,199.0,11397.0,173.0,8366.0,2815.0,3.0,216.0,0.0
sep08,Davanagere,240.0,11637.0,198.0,8564.0,2855.0,2.0,218.0,0.0
sep09,Davanagere,255,11892.0,405.0,8969.0,2703.0,2.0,220.0,0.0
sep10,Davanagere,297,12189.0,244.0,9213.0,2753.0,3.0,223.0,0.0
sep11,Davanagere,297.0,12486.0,274.0,9487.0,2775.0,1.0,224.0,0.0
sep12,Davanagere,267.0,12753.0,484.0,9971.0,2557.0,1.0,225.0,0.0
sep13,Davanagere,144.0,12897.0,322.0,10293.0,2378.0,1.0,226.0,0.0
sep14,Davanagere,325.0,13222.0,129.0,10422.0,2574.0,0.0,226.0,0.0
sep15,Davanagere,405.0,13627.0,226.0,10648.0,2752.0,1.0,227.0,0.0
sep16,Davanagere,213.0,13840.0,85.0,10733.0,2879.0,0.0,228.0,0.0
sep17,Davanagere,257.0,14097.0,0.0,10733.0,3136.0,0.0,228.0,0.0
sep18,Davanagere,146.0,14243.0,466.0,11199.0,2816.0,0.0,228.0,0.0
sep19,Davanagere,163.0,14406.0,132.0,11331.0,2844.0,3.0,231.0,0.0
sep20,Davanagere,130.0,14536.0,171.0,11502.0,2803.0,0.0,231.0,0.0
sep21,Davanagere,162.0,14698.0,137.0,11639.0,2825.0,3.0,234.0,0.0
sep22,Davanagere,198.0,14896.0,133.0,11772.0,2890.0,0.0,234.0,0.0
sep23,Davanagere,138.0,15034.0,0.0,11772.0,3028.0,0.0,234.0,0.0
sep24,Davanagere,131.0,15165.0,320.0,12092.0,2835.0,4.0,238.0,0.0
sep25,Davanagere,142.0,15307.0,203.0,12295.0,2774.0,0.0,238.0,0.0
sep26,Davanagere,144.0,15451.0,73.0,12368.0,2843.0,2.0,240.0,0.0
sep27,Davanagere,74.0,15525.0,116.0,12484.0,2801.0,0.0,240.0,0.0
sep28,Davanagere,107.0,15632.0,100.0,12584.0,2807.0,1.0,241.0,0.0
sep29,Davanagere,288.0,15920.0,152.0,12736.0,2943.0,0.0,241.0,0.0
sep30,Davanagere,173.0,16093.0,112.0,12848.0,3004.0,0.0,241.0,0.0
oct01,Davanagere,148,16241.0,605.0,13453.0,2547.0,0.0,241.0,0.0
oct02,Davanagere,225,16466.0,1111.0,14564.0,1660.0,1.0,242.0,0.0
oct03,Davanagere,129,16595.0,294.0,14858.0,1494.0,1.0,243.0,0.0
oct04,Davanagere,106,16701.0,181.0,15039.0,1419.0,0.0,243.0,0.0
oct05,Davanagere,178,16879.0,108.0,15147.0,1489.0,0.0,243.0,0.0
oct06,Davanagere,279,17158.0,127.0,15274.0,1641.0,0.0,243.0,0.0
oct07,Davanagere,141,17299.0,116.0,15390.0,1666.0,0.0,243.0,0.0
oct08,Davanagere,238,17537.0,86.0,15476.0,1818.0,0.0,243.0,0.0
oct09,Davanagere,450,17987.0,107.0,15583.0,2157.0,4.0,247.0,0.0
oct10,Davanagere,345,18332.0,620.0,16203.0,1882.0,0.0,247.0,0.0
oct11,Davanagere,122,18454.0,438.0,16641.0,1566.0,0.0,247.0,0.0
oct12,Davanagere,114,18568.0,228.0,16869.0,1450.0,2.0,249.0,0.0
oct13,Davanagere,106,18674.0,121.0,16990.0,1435.0,0.0,249.0,0.0
oct14,Davanagere,82,18756.0,194.0,17184.0,1323.0,0.0,249.0,0.0
oct15,Davanagere,103,18859.0,165.0,17349.0,1260.0,1.0,250.0,0.0
oct16,Davanagere,280,19139.0,150.0,17499.0,1390.0,0.0,250.0,0.0
oct17,Davanagere,41,19180.0,195.0,17694.0,1235.0,1.0,251.0,0.0
oct18,Davanagere,84,19264.0,209.0,17903.0,1110.0,0.0,251.0,0.0
oct19,Davanagere,104,19368.0,185.0,18088.0,1029.0,0.0,251.0,0.0
oct20,Davanagere,206,19574.0,181.0,18269.0,1054.0,0.0,251.0,0.0
oct21,Davanagere,304,19878.0,137.0,18406.0,1220.0,1.0,252.0,0.0
oct22,Davanagere,58,19936.0,314.0,18720.0,963.0,1.0,253.0,0.0
oct24,Davanagere,52,20286.0,335.0,19184.0,849.0,0.0,253.0,0.0
oct25,Davanagere,72,20358.0,120.0,19304.0,801.0,0.0,253.0,0.0
oct26,Davanagere,124,20482.0,81.0,19385.0,843.0,1.0,254.0,0.0
oct27,Davanagere,36,20518.0,90.0,19475.0,789.0,0.0,254.0,0.0
oct28,Davanagere,60,20578.0,90.0,19565.0,758.0,1.0,255.0,0.0
oct29,Davanagere,94,20672.0,57.0,19622.0,794.0,1.0,256.0,0.0
oct30,Davanagere,56,20728.0,70.0,19692.0,779.0,1.0,257.0,0.0
oct31,Davanagere,47,20775.0,157.0,19849.0,669.0,0.0,257.0,0.0
dec01,Davanagere,14,21622.0,27.0,21138.0,221.0,0.0,263.0,0.0
dec02,Davanagere,15,21637.0,22.0,21160.0,214.0,0.0,263.0,0.0
dec03,Davanagere,23,21660.0,18.0,21178.0,219.0,0.0,263.0,0.0
dec04,Davanagere,12,21672.0,18.0,21196.0,213.0,0.0,263.0,0.0
dec05,Davanagere,9,21681.0,46.0,21242.0,176.0,0.0,263.0,0.0
dec06,Davanagere,15,21696.0,22.0,21264.0,169.0,0.0,263.0,0.0
dec07,Davanagere,10,21706.0,26.0,21290.0,153.0,0.0,263.0,0.0
dec08,Davanagere,12,21718.0,24.0,21314.0,141.0,0.0,263.0,0.0
dec09,Davanagere,6,21724.0,14.0,21328.0,133.0,0.0,263.0,0.0
dec10,Davanagere,15,21739.0,12.0,21340.0,136.0,0.0,263.0,0.0
dec11,Davanagere,27,21766.0,10.0,21350.0,152.0,1.0,264.0,0.0
dec12,Davanagere,13,21779.0,43.0,21393.0,122.0,0.0,264.0,0.0
dec13,Davanagere,11,21790.0,12.0,21405.0,121.0,0.0,264.0,0.0
dec14,Davanagere,18,21808.0,9.0,21414.0,130.0,0.0,264.0,0.0
dec15,Davanagere,7,21815.0,14.0,21428.0,123.0,0.0,264.0,0.0
dec16,Davanagere,26,21841.0,10.0,21438.0,139.0,0.0,264.0,0.0
dec17,Davanagere,16,21857.0,13.0,21451.0,142.0,0.0,264.0,0.0
dec18,Davanagere,15,21872.0,5.0,21456.0,152.0,0.0,264.0,0.0
dec19,Davanagere,12,21884.0,14.0,21470.0,150.0,0.0,264.0,0.0
dec20,Davanagere,14,21898.0,24.0,21494.0,140.0,0.0,264.0,0.0
dec21,Davanagere,7,21905.0,14.0,21508.0,133.0,0.0,264.0,0.0
dec22,Davanagere,20,21925.0,11.0,21519.0,142.0,0.0,264.0,0.0
dec23,Davanagere,7,21932.0,17.0,21536.0,132.0,0.0,264.0,0.0
dec24,Davanagere,19,21951.0,8.0,21544.0,143.0,0.0,264.0,0.0
dec25,Davanagere,7,21958.0,35.0,21579.0,115.0,0.0,264.0,0.0
dec26,Davanagere,14,21972.0,7.0,21586.0,122.0,0.0,264.0,0.0
dec27,Davanagere,15,21987.0,14.0,21600.0,123.0,0.0,264.0,0.0
dec28,Davanagere,4,21991.0,12.0,21612.0,115.0,0.0,264.0,0.0
dec29,Davanagere,12,22003.0,12.0,21624.0,115.0,0.0,264.0,0.0
dec30,Davanagere,8,22011.0,7.0,21631.0,116.0,0.0,264.0,0.0
dec31,Davanagere,16,22027.0,20.0,21651.0,112.0,0.0,264.0,0.0
jan01,Davanagere,10,22037.0,18.0,21669.0,104.0,0.0,264.0,0.0
jan02,Davanagere,4,22041.0,20.0,21689.0,88.0,0.0,264.0,0.0
jan03,Davanagere,16,22057.0,6.0,21695.0,98.0,0.0,264.0,0.0
jan04,Davanagere,2,22059.0,14.0,21709.0,86.0,0.0,264.0,0.0
jan05,Davanagere,4,22063.0,16.0,21725.0,74.0,0.0,264.0,0.0
jan06,Davanagere,10,22073.0,3.0,21728.0,81.0,0.0,264.0,0.0
jan07,Davanagere,13,22086.0,14.0,21742.0,80.0,0.0,264.0,0.0
jan08,Davanagere,16,22102.0,5.0,21747.0,91.0,0.0,264.0,0.0
jan09,Davanagere,13,22115.0,15.0,21762.0,89.0,0.0,264.0,0.0
jan10,Davanagere,19,22134.0,12.0,21774.0,96.0,0.0,264.0,0.0
jan11,Davanagere,4,22138.0,3.0,21777.0,97.0,0.0,264.0,0.0
jan12,Davanagere,16,22154.0,16.0,21793.0,97.0,0.0,264.0,0.0
jan13,Davanagere,24,22178.0,4.0,21797.0,117.0,0.0,264.0,0.0
jan14,Davanagere,10,22188.0,3.0,21800.0,124.0,0.0,264.0,0.0
jan15,Davanagere,6,22194.0,11.0,21811.0,119.0,0.0,264.0,0.0
jan16,Davanagere,9,22203.0,12.0,21823.0,116.0,0.0,264.0,0.0
jan17,Davanagere,13,22216.0,15.0,21838.0,114.0,0.0,264.0,0.0
jan18,Davanagere,8,22224.0,16.0,21854.0,106.0,0.0,264.0,0.0
jan19,Davanagere,5,22229.0,18.0,21872.0,93.0,0.0,264.0,0.0
jan20,Davanagere,10,22239.0,4.0,21876.0,99.0,0.0,264.0,0.0
jan21,Davanagere,7,22246.0,17.0,21893.0,89.0,0.0,264.0,0.0
jan22,Davanagere,5,22251.0,22.0,21915.0,72.0,0.0,264.0,0.0
jan23,Davanagere,13,22264.0,10.0,21925.0,75.0,0.0,264.0,0.0
jan24,Davanagere,10,22274.0,6.0,21931.0,79.0,0.0,264.0,0.0
jan25,Davanagere,5,22279.0,6.0,21937.0,78.0,0.0,264.0,0.0
jan26,Davanagere,5,22284.0,16.0,21953.0,67.0,0.0,264.0,0.0
jan27,Davanagere,14,22298.0,8.0,21961.0,73.0,0.0,264.0,0.0
jan28,Davanagere,3,22301.0,5.0,21966.0,71.0,0.0,264.0,0.0
jan29,Davanagere,8.0,22309.0,9.0,21975.0,70.0,0.0,264.0,0.0
jan30,Davanagere,13,22322.0,8.0,21983.0,75.0,0.0,264.0,0.0
jan31,Davanagere,8,22330.0,8.0,21991.0,75.0,0.0,264.0,0.0
feb01,Davanagere,0,22330.0,9.0,22000.0,66.0,0.0,264.0,0.0
feb02,Davanagere,7,22337.0,10.0,22010.0,63.0,0.0,264.0,0.0
feb03,Davanagere,12.0,22349.0,4.0,22014.0,71.0,0.0,264.0,0.0
feb04,Davanagere,3.0,22352.0,14.0,22028.0,60.0,0.0,264.0,0.0
feb05,Davanagere,2.0,22354.0,6.0,22034.0,56.0,0.0,264.0,0.0
feb06,Davanagere,5,22359.0,3.0,22037.0,58.0,0.0,264.0,0.0
feb07,Davanagere,6,22365.0,8.0,22045.0,56.0,0.0,264.0,0.0
feb08,Davanagere,0,22365.0,13.0,22058.0,43.0,0.0,264.0,0.0
feb09,Davanagere,1,22366.0,8.0,22066.0,36.0,0.0,264.0,0.0
feb10,Davanagere,9,22375.0,1.0,22067.0,44.0,0.0,264.0,0.0
feb11,Davanagere,5.0,22380.0,8.0,22075.0,41.0,0.0,264.0,0.0
feb12,Davanagere,5.0,22385.0,11.0,22086.0,35.0,0.0,264.0,0.0
feb13,Davanagere,5,22390.0,2.0,22088.0,38.0,0.0,264.0,0.0
feb14,Davanagere,8,22398.0,2.0,22090.0,44.0,0.0,264.0,0.0
feb15,Davanagere,2,22400.0,4.0,22094.0,42.0,0.0,264.0,0.0
feb16,Davanagere,2,22402.0,6.0,22100.0,38.0,0.0,264.0,0.0
feb17,Davanagere,5.0,22407.0,0.0,22100.0,43.0,0.0,264.0,0.0
feb18,Davanagere,4.0,22411.0,1.0,22101.0,46.0,0.0,264.0,0.0
feb19,Davanagere,5,22416.0,9.0,22110.0,42.0,0.0,264.0,0.0
feb20,Davanagere,8,22424.0,5.0,22115.0,45.0,0.0,264.0,0.0
feb21,Davanagere,2,22426.0,5.0,22120.0,42.0,0.0,264.0,0.0
feb22,Davanagere,2,22428.0,5.0,22125.0,39.0,0.0,264.0,0.0
feb23,Davanagere,0,22428.0,8.0,22133.0,31.0,0.0,264.0,0.0
feb24,Davanagere,4,22432.0,0.0,22133.0,35.0,0.0,264.0,0.0
feb25,Davanagere,1,22433.0,5.0,22138.0,31.0,0.0,264.0,0.0
feb26,Davanagere,1,22434.0,4.0,22142.0,28.0,0.0,264.0,0.0
feb27,Davanagere,1,22435.0,5.0,22147.0,24.0,0.0,264.0,0.0
feb28,Davanagere,5,22440.0,5.0,22152.0,24.0,0.0,264.0,0.0
