date,District_Name,Todays_Positives,Total_Positives,Todays_Discharges,Total_Discharges,Total_Active_Cases,Todays_Covid_Deaths,Total_Covid_Deaths,Non_Covid_Deaths
july01,Dharwada,35.0,380.0,0.0,180.0,192.0,,8.0,0.0
july02,Dharwada,47.0,427.0,0.0,180.0,239.0,,8.0,0.0
july03,Dharwada,38.0,465.0,20.0,200.0,257.0,,8.0,0.0
july04,Dharwada,45.0,510.0,9.0,209.0,290.0,,11.0,0.0
july05,Dharwada,45.0,555.0,22.0,231.0,312.0,,12.0,0.0
july06,Dharwada,56.0,611.0,22.0,253.0,346.0,,12.0,0.0
july07,Dharwada,57.0,668.0,0.0,253.0,402.0,,13.0,0.0
july08,Dharwada,89.0,757.0,23.0,276.0,461.0,,20.0,0.0
july10,Dharwada,50.0,882.0,13.0,306.0,547.0,,29.0,0.0
july11,Dharwada,77.0,959.0,12.0,318.0,609.0,,32.0,0.0
july12,Dharwada,129.0,1088.0,64.0,382.0,673.0,1.0,33.0,0.0
july13,Dharwada,71.0,1159.0,36.0,418.0,703.0,5.0,38.0,0.0
july14,Dharwada,100.0,1259.0,32.0,450.0,770.0,1.0,39.0,0.0
july15,Dharwada,139.0,1398.0,32.0,482.0,872.0,5.0,44.0,0.0
july16,Dharwada,176.0,1574.0,42.0,524.0,1006.0,0.0,44.0,0.0
july17,Dharwada,157.0,1731.0,69.0,593.0,1086.0,8.0,52.0,0.0
july19,Dharwada,126.0,2043.0,34.0,677.0,1304.0,4.0,62.0,0.0
july20,Dharwada,200.0,2243.0,33.0,710.0,1465.0,6.0,68.0,0.0
july21,Dharwada,84.0,2327.0,0.0,710.0,1544.0,5.0,73.0,0.0
july22,Dharwada,158.0,2485.0,135.0,845.0,1562.0,5.0,78.0,0.0
july23,Dharwada,183.0,2668.0,76.0,921.0,1667.0,2.0,80.0,0.0
july24,Dharwada,174.0,2842.0,52.0,973.0,1784.0,5.0,85.0,0.0
july25,Dharwada,183.0,3025.0,193.0,1166.0,1770.0,4.0,89.0,0.0
july26,Dharwada,165.0,3190.0,56.0,1222.0,1873.0,6.0,95.0,0.0
july27,Dharwada,193.0,3383.0,55.0,1277.0,2003.0,8.0,103.0,0.0
july28,Dharwada,173.0,3556.0,56.0,1333.0,2114.0,6.0,109.0,0.0
july29,Dharwada,175.0,3731.0,180.0,1513.0,2102.0,7.0,116.0,0.0
july30,Dharwada,180.0,3911.0,152.0,1665.0,2122.0,8.0,124.0,0.0
july31,Dharwada,180.0,4091.0,64.0,1729.0,2231.0,7.0,131.0,0.0
aug01,Dharwada,184.0,4275.0,50.0,1779.0,2357.0,8.0,139.0,0.0
aug02,Dharwada,181.0,4456.0,67.0,1846.0,2463.0,8.0,147.0,0.0
aug03,Dharwada,191.0,4647.0,88.0,1934.0,2558.0,8.0,155.0,0.0
aug04,Dharwada,188.0,4835.0,293.0,2226.0,2446.0,8.0,163.0,0.0
aug05,Dharawada,199.0,5034.0,279.0,2505.0,2365.0,1.0,164.0,0.0
aug06,Dharawada,212.0,5246.0,341.0,2846.0,2228.0,8.0,172.0,0.0
aug07,Dharawada,266.0,5512.0,121.0,2967.0,2364.0,9.0,181.0,0.0
aug08,Dharawada,261.0,5773.0,183.0,3150.0,2436.0,6.0,187.0,0.0
aug09,Dharawada,196.0,5969.0,91.0,3241.0,2535.0,6.0,193.0,0.0
aug10,Dharawada,157.0,6126.0,275.0,3516.0,2413.0,4.0,197.0,0.0
aug11,Dharwada,276.0,6402.0,436.0,3952.0,2244.0,9.0,206.0,0.0
aug12,Dharawada,269.0,6671.0,234.0,4186.0,2277.0,2.0,208.0,0.0
aug13,Dharwada,257.0,6928.0,139.0,4325.0,2389.0,6.0,214.0,0.0
aug14,Dharwada,219.0,7147.0,199.0,4524.0,2401.0,8.0,222.0,0.0
aug15,Dharwada,239.0,7386.0,110.0,4634.0,2523.0,7.0,229.0,0.0
aug16,Dharwada,268.0,7654.0,200.0,4834.0,2586.0,5.0,234.0,0.0
aug17,Dharwada,201.0,7855.0,180.0,5014.0,2602.0,5.0,239.0,0.0
aug18,Dharwada,279.0,8134.0,351.0,5365.0,2520.0,10.0,249.0,0.0
aug19,Dharwada,253.0,8387.0,351.0,5716.0,2413.0,9.0,258.0,0.0
aug20,Dharwada,159.0,8546.0,330.0,6046.0,2242.0,0.0,258.0,0.0
aug21,Dharwada,252.0,8798.0,216.0,6262.0,2275.0,3.0,261.0,0.0
aug22,Dharwada,253.0,9051.0,93.0,6355.0,2428.0,7.0,268.0,0.0
aug23,Dharwada,194.0,9245.0,170.0,6525.0,2449.0,3.0,271.0,0.0
aug24,Dharwada,221.0,9466.0,233.0,6758.0,2435.0,2.0,273.0,0.0
aug25,Dharwada,204,9670.0,213.0,6971.0,2418.0,8.0,281.0,0.0
aug26,Dharwada,255.0,9925.0,135.0,7106.0,2530.0,8.0,289.0,0.0
aug27,Dharwada,234.0,10159.0,130.0,7236.0,2634.0,0.0,289.0,0.0
aug28,Dharwada,299.0,10458.0,565.0,7801.0,2359.0,9.0,298.0,0.0
aug29,Dharwada,290.0,10748.0,319.0,8120.0,2321.0,9.0,307.0,0.0
aug30,Dharwada,300.0,11048.0,249.0,8369.0,2363.0,9.0,316.0,0.0
aug31,Dharwada,279.0,11327.0,296.0,8665.0,2337.0,9.0,325.0,0.0
sep01,Dharwada,199.0,11526.0,235.0,8900.0,2299.0,2.0,327.0,0.0
sep02,Dharwada,327.0,11853.0,119.0,9019.0,2497.0,10.0,337.0,0.0
sep03,Dharwada,342.0,12195.0,203.0,9222.0,2627.0,9.0,346.0,0.0
sep04,Dharwada,297.0,12492.0,156.0,9378.0,2758.0,10.0,356.0,0.0
sep06,Dharwada,311.0,13030.0,252.0,9927.0,2733.0,6.0,370.0,0.0
sep07,Dharwada,29.0,13059.0,283.0,10210.0,2469.0,10.0,380.0,0.0
sep08,Dharwada,318.0,13377.0,274.0,10484.0,2505.0,8.0,388.0,0.0
sep09,Dharwada,226,13603.0,312.0,10796.0,2418.0,1.0,389.0,0.0
sep10,Dharwada,264,13867.0,217.0,11013.0,2457.0,8.0,397.0,0.0
sep11,Dharwada,203.0,14070.0,266.0,11279.0,2385.0,9.0,406.0,0.0
sep12,Dharwada,239.0,14309.0,266.0,11545.0,2349.0,9.0,415.0,0.0
sep13,Dharwada,199.0,14508.0,159.0,11704.0,2382.0,7.0,422.0,0.0
sep14,Dharwada,117.0,14625.0,248.0,11952.0,2242.0,9.0,431.0,0.0
sep15,Dharwada,56.0,14681.0,0.0,11952.0,2298.0,0.0,431.0,0.0
sep16,Dharwada,246.0,14927.0,0.0,11952.0,2542.0,0.0,433.0,0.0
sep17,Dharwada,247.0,15174.0,496.0,12448.0,2287.0,6.0,439.0,0.0
sep18,Dharwada,135.0,15309.0,134.0,12582.0,2279.0,9.0,448.0,0.0
sep19,Dharwada,264.0,15573.0,277.0,12859.0,2261.0,5.0,453.0,0.0
sep20,Dharwada,305.0,15878.0,216.0,13075.0,2344.0,6.0,459.0,0.0
sep21,Dharwada,130.0,16008.0,237.0,13312.0,2230.0,7.0,466.0,0.0
sep22,Dharwada,37.0,16045.0,0.0,13312.0,2267.0,0.0,466.0,0.0
sep23,Dharwada,120.0,16165.0,0.0,13312.0,2387.0,0.0,466.0,0.0
sep24,Dharwada,264.0,16429.0,203.0,13515.0,2444.0,4.0,470.0,0.0
sep25,Dharwada,256.0,16685.0,214.0,13729.0,2481.0,5.0,475.0,0.0
sep26,Dharwada,232.0,16917.0,118.0,13847.0,2591.0,4.0,479.0,0.0
sep27,Dharwada,139.0,17056.0,171.0,14018.0,2557.0,2.0,481.0,0.0
sep28,Dharwada,145.0,17201.0,236.0,14254.0,2465.0,1.0,482.0,0.0
sep29,Dharwada,145.0,17346.0,123.0,14377.0,2483.0,4.0,486.0,0.0
sep30,Dharwada,128.0,17474.0,72.0,14449.0,2537.0,2.0,488.0,0.0
oct01,Dharwada,153,17627.0,38.0,14487.0,2647.0,5.0,493.0,0.0
oct02,Dharwada,98,17725.0,70.0,14557.0,2669.0,6.0,499.0,0.0
oct03,Dharwada,98,17823.0,142.0,14699.0,2620.0,5.0,504.0,0.0
oct04,Dharwada,90,17913.0,135.0,14834.0,2574.0,1.0,505.0,0.0
oct05,Dharwada,79,17992.0,128.0,14962.0,2524.0,1.0,506.0,0.0
oct06,Dharwada,126,18118.0,101.0,15063.0,2547.0,2.0,508.0,0.0
oct07,Dharwada,154,18272.0,74.0,15137.0,2625.0,2.0,510.0,0.0
oct08,Dharwada,121,18393.0,114.0,15251.0,2630.0,2.0,512.0,0.0
oct09,Dharwada,150,18543.0,161.0,15412.0,2616.0,3.0,515.0,0.0
oct10,Dharwada,141,18684.0,682.0,16094.0,2072.0,3.0,518.0,0.0
oct11,Dharwada,188,18872.0,205.0,16299.0,2052.0,3.0,521.0,0.0
oct12,Dharwada,109,18981.0,293.0,16592.0,1865.0,3.0,524.0,0.0
oct13,Dharwada,154,19135.0,136.0,16728.0,1881.0,2.0,526.0,0.0
oct14,Dharwada,136,19271.0,267.0,16995.0,1747.0,3.0,529.0,0.0
oct15,Dharwada,164,19435.0,254.0,17249.0,1655.0,2.0,531.0,0.0
oct16,Dharwada,121,19556.0,393.0,17642.0,1380.0,3.0,534.0,0.0
oct17,Dharwada,99,19655.0,161.0,17803.0,1315.0,3.0,537.0,0.0
oct18,Dharwada,135,19790.0,135.0,17938.0,1313.0,2.0,539.0,0.0
oct19,Dharwada,84,19874.0,222.0,18160.0,1173.0,2.0,541.0,0.0
oct20,Dharwada,104,19978.0,194.0,18354.0,1082.0,1.0,542.0,0.0
oct21,Dharwada,134,20112.0,116.0,18470.0,1098.0,2.0,544.0,0.0
oct22,Dharwada,133,20245.0,158.0,18628.0,1070.0,3.0,547.0,0.0
oct24,Dharwada,93,20430.0,103.0,18873.0,1006.0,2.0,551.0,0.0
oct25,Dharwada,65,20495.0,63.0,18936.0,1008.0,0.0,551.0,0.0
oct26,Dharwada,44,20539.0,139.0,19075.0,910.0,3.0,554.0,0.0
oct27,Dharwada,45,20584.0,91.0,19166.0,861.0,3.0,557.0,0.0
oct28,Dharwada,14,20598.0,104.0,19270.0,769.0,2.0,559.0,0.0
oct29,Dharwada,76,20674.0,163.0,19433.0,679.0,3.0,562.0,0.0
oct30,Dharwada,43,20717.0,102.0,19535.0,618.0,2.0,564.0,0.0
oct31,Dharwada,27,20744.0,101.0,19636.0,543.0,1.0,565.0,0.0
dec01,Dharwada,10,21401.0,9.0,20692.0,109.0,0.0,600.0,0.0
dec02,Dharwada,26,21427.0,9.0,20701.0,125.0,1.0,601.0,0.0
dec03,Dharwada,16,21443.0,8.0,20709.0,132.0,1.0,602.0,0.0
dec04,Dharwada,32,21475.0,19.0,20728.0,144.0,1.0,603.0,0.0
dec05,Dharwada,25,21500.0,15.0,20743.0,154.0,0.0,603.0,0.0
dec06,Dharwada,20,21520.0,17.0,20760.0,157.0,0.0,603.0,0.0
dec07,Dharwada,19,21539.0,21.0,20781.0,155.0,0.0,603.0,0.0
dec08,Dharwada,11,21550.0,17.0,20798.0,149.0,0.0,603.0,0.0
dec09,Dharwada,14,21564.0,13.0,20811.0,149.0,1.0,604.0,0.0
dec10,Dharwada,9,21573.0,30.0,20841.0,127.0,1.0,605.0,0.0
dec11,Dharwada,18,21591.0,13.0,20854.0,131.0,1.0,606.0,0.0
dec12,Dharwada,10,21601.0,27.0,20881.0,114.0,0.0,606.0,0.0
dec13,Dharwada,9,21610.0,13.0,20894.0,110.0,0.0,606.0,0.0
dec14,Dharwada,14,21624.0,26.0,20920.0,98.0,0.0,606.0,0.0
dec15,Dharwada,7,21631.0,13.0,20933.0,92.0,0.0,606.0,0.0
dec16,Dharwada,15,21646.0,10.0,20943.0,97.0,0.0,606.0,0.0
dec17,Dharwada,13,21659.0,16.0,20959.0,94.0,0.0,606.0,0.0
dec18,Dharwada,15,21674.0,10.0,20969.0,99.0,0.0,606.0,0.0
dec19,Dharwada,25,21699.0,19.0,20988.0,105.0,0.0,606.0,0.0
dec20,Dharwada,17,21716.0,17.0,21005.0,105.0,0.0,606.0,0.0
dec21,Dharwada,15,21731.0,8.0,21013.0,112.0,0.0,606.0,0.0
dec22,Dharwada,24,21755.0,6.0,21019.0,130.0,0.0,606.0,0.0
dec23,Dharwada,12,21767.0,13.0,21032.0,129.0,0.0,606.0,0.0
dec24,Dharwada,15,21782.0,17.0,21049.0,127.0,0.0,606.0,0.0
dec25,Dharwada,13,21795.0,9.0,21058.0,130.0,1.0,607.0,0.0
dec26,Dharwada,6,21801.0,11.0,21069.0,125.0,0.0,607.0,0.0
dec27,Dharwada,17,21818.0,19.0,21088.0,123.0,0.0,607.0,0.0
dec28,Dharwada,12,21830.0,17.0,21105.0,118.0,0.0,607.0,0.0
dec29,Dharwada,10,21840.0,27.0,21132.0,101.0,0.0,607.0,0.0
dec30,Dharwada,19,21859.0,8.0,21140.0,111.0,1.0,608.0,0.0
dec31,Dharwada,7,21866.0,10.0,21150.0,108.0,0.0,608.0,0.0
jan01,Dharwada,5,21871.0,14.0,21164.0,99.0,0.0,608.0,0.0
jan02,Dharwada,11,21882.0,19.0,21183.0,90.0,1.0,609.0,0.0
jan03,Dharwada,5,21887.0,10.0,21193.0,85.0,0.0,609.0,0.0
jan04,Dharwada,15,21902.0,10.0,21203.0,90.0,0.0,609.0,0.0
jan05,Dharwada,16,21918.0,10.0,21213.0,96.0,0.0,609.0,0.0
jan06,Dharwada,14,21932.0,12.0,21225.0,97.0,1.0,610.0,0.0
jan07,Dharwada,16,21948.0,13.0,21238.0,100.0,0.0,610.0,0.0
jan08,Dharwada,14,21962.0,10.0,21248.0,104.0,0.0,610.0,0.0
jan09,Dharwada,9,21971.0,10.0,21258.0,103.0,0.0,610.0,0.0
jan10,Dharwada,9,21980.0,5.0,21263.0,107.0,0.0,610.0,0.0
jan11,Dharwada,19,21999.0,13.0,21276.0,113.0,0.0,610.0,0.0
jan12,Dharwada,13,22012.0,15.0,21291.0,111.0,0.0,610.0,0.0
jan13,Dharwada,5,22017.0,6.0,21297.0,110.0,0.0,610.0,0.0
jan14,Dharwada,20,22037.0,15.0,21312.0,115.0,0.0,610.0,0.0
jan15,Dharwada,11,22048.0,6.0,21318.0,120.0,0.0,610.0,0.0
jan16,Dharwada,5,22053.0,10.0,21328.0,115.0,0.0,610.0,0.0
jan17,Dharwada,12,22065.0,13.0,21341.0,114.0,0.0,610.0,0.0
jan18,Dharwada,6,22071.0,18.0,21359.0,102.0,0.0,610.0,0.0
jan19,Dharwada,8,22079.0,13.0,21372.0,97.0,0.0,610.0,0.0
jan20,Dharwada,7,22086.0,17.0,21389.0,87.0,0.0,610.0,0.0
jan21,Dharwada,9,22095.0,18.0,21407.0,77.0,1.0,611.0,0.0
jan22,Dharwada,2,22097.0,19.0,21426.0,60.0,0.0,611.0,0.0
jan23,Dharwada,15,22112.0,10.0,21436.0,65.0,0.0,611.0,0.0
jan24,Dharwada,7,22119.0,6.0,21442.0,66.0,0.0,611.0,0.0
jan25,Dharwada,4,22123.0,11.0,21453.0,59.0,0.0,611.0,0.0
jan26,Dharwada,5,22128.0,6.0,21459.0,58.0,0.0,611.0,0.0
jan27,Dharwada,16,22144.0,6.0,21465.0,67.0,1.0,612.0,0.0
jan28,Dharwada,5,22149.0,9.0,21474.0,63.0,0.0,612.0,0.0
jan29,Dharwada,13.0,22162.0,11.0,21485.0,65.0,0.0,612.0,0.0
jan30,Dharwada,4,22166.0,8.0,21493.0,61.0,0.0,612.0,0.0
jan31,Dharwada,7,22173.0,8.0,21501.0,59.0,1.0,613.0,0.0
feb01,Dharwada,0,22173.0,10.0,21511.0,49.0,0.0,613.0,0.0
feb02,Dharwada,8,22181.0,8.0,21519.0,49.0,0.0,613.0,0.0
feb03,Dharwada,3.0,22184.0,10.0,21529.0,42.0,0.0,613.0,0.0
feb04,Dharwada,11.0,22195.0,7.0,21536.0,46.0,0.0,613.0,0.0
feb05,Dharwada,4.0,22199.0,7.0,21543.0,42.0,1.0,614.0,0.0
feb06,Dharwada,15,22214.0,7.0,21550.0,50.0,0.0,614.0,0.0
feb07,Dharwada,9,22223.0,7.0,21557.0,52.0,0.0,614.0,0.0
feb08,Dharwada,3,22226.0,6.0,21563.0,49.0,0.0,614.0,0.0
feb09,Dharwada,3,22229.0,5.0,21568.0,47.0,0.0,614.0,0.0
feb10,Dharwada,2,22231.0,11.0,21579.0,38.0,0.0,614.0,0.0
feb11,Dharwada,6.0,22237.0,6.0,21585.0,38.0,0.0,614.0,0.0
feb12,Dharwada,8.0,22245.0,10.0,21595.0,35.0,1.0,615.0,0.0
feb13,Dharwada,8,22253.0,4.0,21599.0,39.0,0.0,615.0,0.0
feb14,Dharwada,14,22267.0,5.0,21604.0,48.0,0.0,615.0,0.0
feb15,Dharwada,8,22275.0,5.0,21609.0,51.0,0.0,615.0,0.0
feb16,Dharwada,2,22277.0,5.0,21614.0,48.0,0.0,615.0,0.0
feb17,Dharwada,5.0,22282.0,2.0,21616.0,51.0,0.0,615.0,0.0
feb18,Dharwada,6.0,22288.0,4.0,21620.0,52.0,1.0,616.0,0.0
feb19,Dharwada,2,22290.0,8.0,21628.0,46.0,0.0,616.0,0.0
feb20,Dharwada,4,22294.0,12.0,21640.0,38.0,0.0,616.0,0.0
feb21,Dharwada,8,22302.0,5.0,21645.0,41.0,0.0,616.0,0.0
feb22,Dharwada,7,22309.0,6.0,21651.0,41.0,1.0,617.0,0.0
feb23,Dharwada,3,22312.0,2.0,21653.0,42.0,0.0,617.0,0.0
feb24,Dharwada,7,22319.0,4.0,21657.0,45.0,0.0,617.0,0.0
feb25,Dharwada,6,22325.0,8.0,21665.0,43.0,0.0,617.0,0.0
feb26,Dharwada,4,22329.0,1.0,21666.0,46.0,0.0,617.0,0.0
feb27,Dharwada,4,22333.0,5.0,21671.0,44.0,1.0,618.0,0.0
feb28,Dharwada,6,22339.0,3.0,21674.0,47.0,0.0,618.0,0.0
