date,District_Name,Todays_Positives,Total_Positives,Todays_Discharges,Total_Discharges,Total_Active_Cases,Todays_Covid_Deaths,Total_Covid_Deaths,Non_Covid_Deaths
july01,Gadag,2.0,178.0,7.0,60.0,115.0,,3.0,0.0
july02,Gadag,2.0,180.0,9.0,69.0,107.0,,4.0,0.0
july03,Gadag,19.0,199.0,12.0,81.0,114.0,,4.0,0.0
july04,Gadag,4.0,203.0,3.0,84.0,115.0,,4.0,0.0
july05,Gadag,7.0,210.0,0.0,84.0,122.0,,4.0,0.0
july06,Gadag,18.0,228.0,44.0,128.0,96.0,,4.0,0.0
july07,Gadag,4.0,232.0,9.0,137.0,91.0,,4.0,0.0
july08,Gadag,5.0,237.0,26.0,163.0,70.0,,4.0,0.0
july10,Gadag,19.0,262.0,0.0,163.0,93.0,,6.0,0.0
july11,Gadag,40.0,302.0,0.0,163.0,130.0,,9.0,0.0
july12,Gadag,14.0,316.0,10.0,173.0,134.0,0.0,9.0,0.0
july13,Gadag,6.0,322.0,5.0,178.0,134.0,1.0,10.0,0.0
july14,Gadag,9.0,331.0,0.0,178.0,143.0,0.0,10.0,0.0
july15,Gadag,39.0,370.0,16.0,194.0,167.0,0.0,9.0,0.0
july16,Gadag,44.0,414.0,14.0,208.0,197.0,0.0,9.0,0.0
july17,Gadag,59.0,473.0,2.0,210.0,253.0,1.0,10.0,0.0
july19,Gadag,30.0,585.0,6.0,226.0,345.0,4.0,14.0,0.0
july20,Gadag,31.0,616.0,0.0,226.0,376.0,0.0,14.0,0.0
july21,Gadag,15.0,631.0,21.0,247.0,369.0,1.0,15.0,0.0
july22,Gadag,71.0,702.0,39.0,286.0,401.0,0.0,15.0,0.0
july23,Gadag,72.0,774.0,3.0,289.0,468.0,2.0,17.0,0.0
july24,Gadag,108.0,882.0,11.0,300.0,563.0,2.0,19.0,0.0
july25,Gadag,61.0,943.0,28.0,328.0,595.0,1.0,20.0,0.0
july26,Gadag,61.0,1004.0,26.0,354.0,628.0,2.0,22.0,0.0
july27,Gadag,63.0,1067.0,28.0,382.0,662.0,1.0,23.0,0.0
july28,Gadag,73.0,1140.0,56.0,438.0,677.0,2.0,25.0,0.0
july29,Gadag,61.0,1201.0,10.0,448.0,725.0,3.0,28.0,0.0
july30,Gadag,88.0,1289.0,19.0,467.0,793.0,1.0,29.0,0.0
july31,Gadag,92.0,1381.0,24.0,490.0,859.0,3.0,32.0,0.0
aug01,Gadag,99.0,1480.0,43.0,533.0,913.0,2.0,34.0,0.0
aug02,Gadag,88.0,1568.0,6.0,539.0,992.0,3.0,37.0,0.0
aug03,Gadag,100.0,1668.0,40.0,578.0,1051.0,2.0,39.0,0.0
aug04,Gadag,96.0,1764.0,55.0,633.0,1091.0,1.0,40.0,0.0
aug05,Gadaga,78.0,1842.0,108.0,741.0,1060.0,1.0,41.0,0.0
aug06,Gadag,124.0,1966.0,152.0,893.0,1030.0,2.0,43.0,0.0
aug07,Gadaga,105.0,2071.0,75.0,968.0,1058.0,2.0,45.0,0.0
aug08,Gadaga,94.0,2165.0,78.0,1046.0,1073.0,1.0,46.0,0.0
aug09,Gadaga,114.0,2279.0,86.0,1132.0,1100.0,1.0,47.0,0.0
aug10,Gadaga,42.0,2321.0,100.0,1232.0,1040.0,2.0,49.0,0.0
aug11,Gadag,78.0,2399.0,89.0,1321.0,1027.0,2.0,51.0,0.0
aug12,Gadaga,148.0,2547.0,75.0,1396.0,1099.0,1.0,52.0,0.0
aug13,Gadag,98.0,2645.0,50.0,1446.0,1147.0,0.0,52.0,0.0
aug14,Gadag,190.0,2835.0,211.0,1657.0,1125.0,1.0,53.0,0.0
aug15,Gadag,142.0,2977.0,101.0,1758.0,1164.0,2.0,55.0,0.0
aug16,Gadaga,79.0,3056.0,70.0,1828.0,1171.0,2.0,57.0,0.0
aug17,Gadag,99.0,3155.0,104.0,1932.0,1166.0,0.0,57.0,0.0
aug18,Gadag,186.0,3341.0,206.0,2138.0,1144.0,2.0,59.0,0.0
aug19,Gadag,149.0,3490.0,167.0,2305.0,1124.0,2.0,61.0,0.0
aug20,Gadag,114.0,3604.0,151.0,2456.0,1086.0,1.0,62.0,0.0
aug21,Gadag,174.0,3778.0,179.0,2635.0,1080.0,1.0,63.0,0.0
aug22,Gadag,116.0,3894.0,121.0,2756.0,1073.0,2.0,65.0,0.0
aug23,Gadag,182.0,4076.0,100.0,2856.0,1155.0,0.0,65.0,0.0
aug24,Gadag,141.0,4217.0,102.0,2958.0,1193.0,1.0,66.0,0.0
aug25,Gadag,175,4392.0,164.0,3122.0,1203.0,1.0,67.0,0.0
aug26,Gadag,124.0,4516.0,111.0,3233.0,1214.0,2.0,69.0,0.0
aug27,Gadag,110.0,4626.0,78.0,3311.0,1244.0,2.0,71.0,0.0
aug28,Gadag,169.0,4795.0,68.0,3379.0,1342.0,3.0,74.0,0.0
aug29,Gadag,181.0,4976.0,131.0,3510.0,1391.0,1.0,75.0,0.0
aug30,Gadag,196.0,5172.0,134.0,3644.0,1450.0,3.0,78.0,0.0
aug31,Gadag,178.0,5350.0,100.0,3744.0,1527.0,1.0,79.0,0.0
sep01,Gadag,194.0,5544.0,73.0,3817.0,1646.0,2.0,81.0,0.0
sep02,Gadag,195.0,5739.0,192.0,4009.0,1646.0,3.0,84.0,0.0
sep03,Gadag,183.0,5922.0,150.0,4159.0,1676.0,3.0,87.0,0.0
sep04,Gadag,186.0,6108.0,165.0,4324.0,1695.0,2.0,89.0,0.0
sep06,Gadag,194.0,6497.0,181.0,4704.0,1699.0,2.0,94.0,0.0
sep07,Gadag,87.0,6584.0,198.0,4903.0,1585.0,2.0,96.0,0.0
sep08,Gadag,196.0,6780.0,130.0,5033.0,1649.0,2.0,98.0,0.0
sep09,Gadag,155,6935.0,155.0,5188.0,1647.0,2.0,100.0,0.0
sep10,Gadag,180,7115.0,153.0,5341.0,1672.0,2.0,102.0,0.0
sep11,Gadag,195.0,7310.0,530.0,5871.0,1335.0,2.0,104.0,0.0
sep12,Gadag,49.0,7359.0,206.0,6077.0,1177.0,1.0,105.0,0.0
sep13,Gadag,198.0,7557.0,192.0,6269.0,1181.0,2.0,107.0,0.0
sep14,Gadag,96.0,7653.0,184.0,6453.0,1091.0,2.0,109.0,0.0
sep15,Gadag,39.0,7692.0,129.0,6582.0,999.0,2.0,111.0,0.0
sep16,Gadag,108.0,7800.0,0.0,6582.0,1107.0,0.0,111.0,0.0
sep17,Gadag,69.0,7869.0,193.0,6775.0,981.0,2.0,113.0,0.0
sep18,Gadag,31.0,7900.0,182.0,6957.0,828.0,2.0,115.0,0.0
sep19,Gadag,391.0,8291.0,259.0,7216.0,960.0,0.0,115.0,0.0
sep20,Gadag,75.0,8366.0,150.0,7366.0,881.0,4.0,119.0,0.0
sep21,Gadag,81.0,8447.0,112.0,7478.0,846.0,4.0,123.0,0.0
sep22,Gadag,134.0,8581.0,92.0,7570.0,886.0,2.0,125.0,0.0
sep23,Gadag,59.0,8640.0,125.0,7695.0,820.0,0.0,125.0,0.0
sep24,Gadag,54.0,8694.0,63.0,7758.0,811.0,0.0,125.0,0.0
sep25,Gadag,78.0,8772.0,82.0,7840.0,805.0,2.0,127.0,0.0
sep26,Gadag,44.0,8816.0,95.0,7935.0,753.0,1.0,128.0,0.0
sep27,Gadag,61.0,8877.0,119.0,8054.0,694.0,1.0,129.0,0.0
sep28,Gadag,61.0,8938.0,142.0,8196.0,613.0,0.0,129.0,0.0
sep29,Gadag,111.0,9049.0,95.0,8291.0,628.0,1.0,130.0,0.0
sep30,Gadag,67.0,9116.0,112.0,8403.0,582.0,1.0,131.0,0.0
oct01,Gadag,146,9262.0,94.0,8497.0,634.0,0.0,131.0,0.0
oct02,Gadag,80,9342.0,59.0,8556.0,655.0,0.0,131.0,0.0
oct03,Gadag,32,9374.0,70.0,8626.0,616.0,1.0,132.0,0.0
oct04,Gadag,110,9484.0,75.0,8701.0,651.0,0.0,132.0,0.0
oct05,Gadag,51,9535.0,73.0,8774.0,627.0,2.0,134.0,0.0
oct06,Gadag,93,9628.0,52.0,8826.0,667.0,1.0,135.0,0.0
oct07,Gadag,72,9700.0,63.0,8889.0,676.0,0.0,135.0,0.0
oct08,Gadag,42,9742.0,111.0,9000.0,607.0,0.0,135.0,0.0
oct09,Gadag,68,9810.0,84.0,9084.0,590.0,1.0,136.0,0.0
oct10,Gadag,32,9842.0,82.0,9166.0,539.0,1.0,137.0,0.0
oct11,Gadag,60,9902.0,79.0,9245.0,520.0,0.0,137.0,0.0
oct12,Gadag,26,9928.0,71.0,9316.0,474.0,1.0,138.0,0.0
oct13,Gadag,66,9994.0,73.0,9389.0,467.0,0.0,138.0,0.0
oct14,Gadag,41,10035.0,69.0,9458.0,438.0,1.0,139.0,0.0
oct15,Gadag,40,10075.0,56.0,9514.0,422.0,0.0,139.0,0.0
oct16,Gadag,45,10120.0,52.0,9566.0,415.0,0.0,139.0,0.0
oct17,Gadag,49,10169.0,63.0,9629.0,400.0,1.0,140.0,0.0
oct18,Gadag,53,10222.0,49.0,9678.0,404.0,0.0,140.0,0.0
oct19,Gadag,19,10241.0,42.0,9720.0,381.0,0.0,140.0,0.0
oct20,Gadag,38,10279.0,45.0,9765.0,374.0,0.0,140.0,0.0
oct21,Gadag,40,10319.0,49.0,9814.0,365.0,0.0,140.0,0.0
oct22,Gadag,37,10356.0,48.0,9862.0,354.0,0.0,140.0,0.0
oct24,Gadag,14,10382.0,33.0,9944.0,298.0,0.0,140.0,0.0
oct25,Gadag,22,10404.0,35.0,9979.0,285.0,0.0,140.0,0.0
oct26,Gadag,4,10408.0,41.0,10020.0,248.0,0.0,140.0,0.0
oct27,Gadag,15,10423.0,33.0,10053.0,230.0,0.0,140.0,0.0
oct28,Gadag,22,10445.0,23.0,10076.0,229.0,0.0,140.0,0.0
oct29,Gadag,12,10457.0,41.0,10117.0,200.0,0.0,140.0,0.0
oct30,Gadag,17,10474.0,11.0,10128.0,205.0,1.0,141.0,0.0
oct31,Gadag,23,10497.0,18.0,10146.0,210.0,0.0,141.0,0.0
dec01,Gadag,4,10750.0,19.0,10565.0,44.0,0.0,141.0,0.0
dec02,Gadag,9,10759.0,2.0,10567.0,51.0,0.0,141.0,0.0
dec03,Gadag,10,10769.0,3.0,10570.0,58.0,0.0,141.0,0.0
dec04,Gadag,5,10774.0,8.0,10578.0,55.0,0.0,141.0,0.0
dec05,Gadag,11,10785.0,11.0,10589.0,55.0,0.0,141.0,0.0
dec06,Gadag,8,10793.0,3.0,10592.0,60.0,0.0,141.0,0.0
dec07,Gadag,12,10805.0,5.0,10597.0,67.0,0.0,141.0,0.0
dec08,Gadag,7,10812.0,6.0,10603.0,68.0,0.0,141.0,0.0
dec09,Gadag,3,10815.0,4.0,10607.0,67.0,0.0,141.0,0.0
dec10,Gadag,3,10818.0,6.0,10613.0,64.0,0.0,141.0,0.0
dec11,Gadag,2,10820.0,8.0,10621.0,58.0,0.0,141.0,0.0
dec12,Gadag,6,10826.0,11.0,10632.0,53.0,0.0,141.0,0.0
dec13,Gadag,0,10826.0,4.0,10636.0,49.0,0.0,141.0,0.0
dec14,Gadag,2,10828.0,6.0,10642.0,45.0,0.0,141.0,0.0
dec15,Gadag,8,10836.0,11.0,10653.0,42.0,0.0,141.0,0.0
dec16,Gadag,7,10843.0,12.0,10665.0,37.0,0.0,141.0,0.0
dec17,Gadag,6,10849.0,14.0,10679.0,29.0,0.0,141.0,0.0
dec18,Gadag,2,10851.0,4.0,10683.0,27.0,0.0,141.0,0.0
dec19,Gadag,4,10855.0,3.0,10686.0,28.0,0.0,141.0,0.0
dec20,Gadag,6,10861.0,5.0,10691.0,29.0,0.0,141.0,0.0
dec21,Gadag,5,10866.0,6.0,10697.0,28.0,0.0,141.0,0.0
dec22,Gadag,1,10867.0,1.0,10698.0,28.0,0.0,141.0,0.0
dec23,Gadag,8,10875.0,5.0,10703.0,31.0,0.0,141.0,0.0
dec24,Gadag,10,10885.0,4.0,10707.0,37.0,0.0,141.0,0.0
dec25,Gadag,6,10891.0,6.0,10713.0,37.0,0.0,141.0,0.0
dec26,Gadag,6,10897.0,5.0,10718.0,38.0,0.0,141.0,0.0
dec27,Gadag,4,10901.0,3.0,10721.0,39.0,0.0,141.0,0.0
dec28,Gadag,1,10902.0,6.0,10727.0,34.0,0.0,141.0,0.0
dec29,Gadag,0,10902.0,3.0,10730.0,31.0,0.0,141.0,0.0
dec30,Gadag,1,10903.0,5.0,10735.0,27.0,0.0,141.0,0.0
dec31,Gadag,4,10907.0,12.0,10747.0,19.0,0.0,141.0,0.0
jan01,Gadag,12,10919.0,5.0,10752.0,26.0,0.0,141.0,0.0
jan02,Gadag,1,10920.0,1.0,10753.0,26.0,0.0,141.0,0.0
jan03,Gadag,5,10925.0,5.0,10758.0,26.0,0.0,141.0,0.0
jan04,Gadag,2,10927.0,3.0,10761.0,25.0,0.0,141.0,0.0
jan05,Gadag,4,10931.0,0.0,10761.0,29.0,0.0,141.0,0.0
jan06,Gadag,2,10933.0,2.0,10763.0,29.0,0.0,141.0,0.0
jan07,Gadag,0,10933.0,15.0,10778.0,14.0,0.0,141.0,0.0
jan08,Gadag,6,10939.0,2.0,10780.0,18.0,0.0,141.0,0.0
jan09,Gadag,4,10943.0,4.0,10784.0,18.0,0.0,141.0,0.0
jan10,Gadag,1,10944.0,1.0,10785.0,18.0,0.0,141.0,0.0
jan11,Gadag,3,10947.0,4.0,10789.0,17.0,0.0,141.0,0.0
jan12,Gadag,0,10947.0,1.0,10790.0,16.0,0.0,141.0,0.0
jan13,Gadag,3,10950.0,4.0,10794.0,15.0,0.0,141.0,0.0
jan14,Gadag,3,10953.0,3.0,10797.0,15.0,0.0,141.0,0.0
jan15,Gadag,0,10953.0,5.0,10802.0,10.0,0.0,141.0,0.0
jan16,Gadag,4,10957.0,2.0,10804.0,12.0,0.0,141.0,0.0
jan17,Gadag,5,10962.0,2.0,10806.0,15.0,0.0,141.0,0.0
jan18,Gadag,1,10963.0,2.0,10808.0,14.0,0.0,141.0,0.0
jan19,Gadag,2,10965.0,1.0,10809.0,15.0,0.0,141.0,0.0
jan20,Gadag,0,10965.0,1.0,10810.0,14.0,0.0,141.0,0.0
jan21,Gadag,1,10966.0,3.0,10813.0,12.0,0.0,141.0,0.0
jan22,Gadag,4,10970.0,2.0,10815.0,14.0,0.0,141.0,0.0
jan23,Gadag,1,10971.0,1.0,10816.0,14.0,0.0,141.0,0.0
jan24,Gadag,5,10976.0,3.0,10819.0,16.0,0.0,141.0,0.0
jan25,Gadag,1,10977.0,6.0,10825.0,11.0,0.0,141.0,0.0
jan26,Gadag,0,10977.0,0.0,10825.0,11.0,0.0,141.0,0.0
jan27,Gadag,1,10978.0,1.0,10826.0,11.0,0.0,141.0,0.0
jan28,Gadag,0,10978.0,1.0,10827.0,10.0,0.0,141.0,0.0
jan29,Gadag,3.0,10981.0,4.0,10831.0,9.0,0.0,141.0,0.0
jan30,Gadag,0,10981.0,1.0,10832.0,8.0,0.0,141.0,0.0
jan31,Gadag,5,10986.0,2.0,10834.0,11.0,0.0,141.0,0.0
feb01,Gadag,0,10986.0,0.0,10834.0,11.0,0.0,141.0,0.0
feb02,Gadag,2,10988.0,2.0,10836.0,11.0,0.0,141.0,0.0
feb03,Gadag,0.0,10988.0,1.0,10837.0,10.0,0.0,141.0,0.0
feb04,Gadag,0.0,10988.0,0.0,10837.0,10.0,0.0,141.0,0.0
feb05,Gadag,2.0,10990.0,3.0,10840.0,9.0,0.0,141.0,0.0
feb06,Gadag,2,10992.0,3.0,10843.0,8.0,0.0,141.0,0.0
feb07,Gadag,0,10992.0,2.0,10845.0,6.0,0.0,141.0,0.0
feb08,Gadag,1,10993.0,0.0,10845.0,7.0,0.0,141.0,0.0
feb09,Gadag,3,10996.0,1.0,10846.0,9.0,0.0,141.0,0.0
feb10,Gadag,2,10998.0,1.0,10847.0,10.0,0.0,141.0,0.0
feb11,Gadag,2.0,11000.0,1.0,10848.0,11.0,0.0,141.0,0.0
feb12,Gadag,0.0,11000.0,2.0,10850.0,9.0,0.0,141.0,0.0
feb13,Gadag,1,11001.0,0.0,10850.0,10.0,0.0,141.0,0.0
feb14,Gadag,2,11003.0,4.0,10854.0,8.0,0.0,141.0,0.0
feb15,Gadag,0,11003.0,0.0,10854.0,8.0,0.0,141.0,0.0
feb16,Gadag,0,11003.0,1.0,10855.0,7.0,0.0,141.0,0.0
feb17,Gadag,1.0,11004.0,2.0,10857.0,6.0,0.0,141.0,0.0
feb18,Gadag,3.0,11007.0,2.0,10859.0,7.0,0.0,141.0,0.0
feb19,Gadag,1,11008.0,0.0,10859.0,8.0,0.0,141.0,0.0
feb20,Gadag,1,11009.0,0.0,10859.0,9.0,0.0,141.0,0.0
feb21,Gadag,2,11011.0,2.0,10861.0,9.0,0.0,141.0,0.0
feb22,Gadag,0,11011.0,1.0,10862.0,8.0,0.0,141.0,0.0
feb23,Gadag,0,11011.0,0.0,10862.0,8.0,0.0,141.0,0.0
feb24,Gadag,0,11011.0,1.0,10863.0,7.0,0.0,141.0,0.0
feb25,Gadag,2,11013.0,1.0,10864.0,8.0,0.0,141.0,0.0
feb26,Gadag,1,11014.0,2.0,10866.0,7.0,0.0,141.0,0.0
feb27,Gadag,2,11016.0,2.0,10868.0,7.0,0.0,141.0,0.0
feb28,Gadag,2,11018.0,1.0,10869.0,8.0,0.0,141.0,0.0
