date,District_Name,Todays_Positives,Total_Positives,Todays_Discharges,Total_Discharges,Total_Active_Cases,Todays_Covid_Deaths,Total_Covid_Deaths,Non_Covid_Deaths
july01,Kalaburagi,14.0,1450.0,8.0,1103.0,329.0,,18.0,0.0
july02,Kalaburagi,38.0,1488.0,23.0,1126.0,343.0,,19.0,0.0
july03,Kalaburagi,72.0,1560.0,17.0,1143.0,395.0,,22.0,0.0
july04,Kalaburagi,37.0,1597.0,46.0,1189.0,383.0,,25.0,0.0
july05,Kalaburagi,49.0,1646.0,52.0,1241.0,378.0,,27.0,0.0
july06,Kalaburagi,53.0,1699.0,69.0,1310.0,362.0,,27.0,0.0
july07,Kalaburagi,51.0,1750.0,19.0,1329.0,392.0,,29.0,0.0
july08,Kalaburagi,66.0,1816.0,22.0,1351.0,435.0,,30.0,0.0
july10,Kalaburagi,58.0,1959.0,52.0,1444.0,481.0,,34.0,0.0
july11,Kalaburagi,65.0,2024.0,16.0,1460.0,528.0,,36.0,0.0
july12,Kalaburagi,79.0,2103.0,17.0,1477.0,590.0,0.0,36.0,0.0
july13,Kalaburagi,89.0,2192.0,29.0,1506.0,650.0,0.0,36.0,0.0
july14,Kalaburagi,121.0,2313.0,13.0,1519.0,757.0,1.0,37.0,0.0
july15,Kalaburagi,67.0,2380.0,1.0,1520.0,823.0,0.0,37.0,0.0
july16,Kalaburagi,123.0,2503.0,5.0,1525.0,940.0,1.0,38.0,0.0
july17,Kalaburagi,89.0,2592.0,42.0,1567.0,987.0,0.0,38.0,0.0
july19,Kalaburagi,69.0,2743.0,80.0,1771.0,926.0,3.0,46.0,0.0
july20,Kalaburagi,124.0,2867.0,55.0,1826.0,993.0,2.0,48.0,0.0
july21,Kalaburagi,99.0,2966.0,8.0,1834.0,1084.0,0.0,48.0,0.0
july22,Kalaburagi,175.0,3141.0,47.0,1881.0,1211.0,1.0,49.0,0.0
july23,Kalaburagi,229.0,3370.0,14.0,1895.0,1426.0,0.0,49.0,0.0
july24,Kalaburagi,159.0,3529.0,26.0,1921.0,1554.0,5.0,54.0,0.0
july25,Kalaburagi,183.0,3712.0,145.0,2066.0,1588.0,4.0,58.0,0.0
july26,Kalaburagi,152.0,3864.0,132.0,2198.0,1602.0,6.0,64.0,0.0
july27,Kalaburagi,631.0,4495.0,73.0,2271.0,2158.0,2.0,66.0,0.0
july28,Kalaburagi,283.0,4778.0,39.0,2310.0,2396.0,6.0,72.0,0.0
july29,Kalaburagi,168.0,4946.0,119.0,2429.0,2435.0,10.0,82.0,0.0
july30,Kalaburagi,220.0,5166.0,124.0,2553.0,2524.0,7.0,89.0,0.0
july31,Kalaburagi,144.0,5310.0,148.0,2702.0,2513.0,6.0,95.0,0.0
aug01,Kalaburagi,219.0,5529.0,130.0,2832.0,2597.0,5.0,100.0,0.0
aug02,Kalaburagi,238.0,5767.0,117.0,2949.0,2712.0,6.0,106.0,0.0
aug03,Kalaburagi,170.0,5937.0,369.0,3318.0,2508.0,5.0,111.0,0.0
aug04,Kalaburagi,285.0,6222.0,152.0,3470.0,2639.0,2.0,113.0,0.0
aug05,Kalaburagi,197.0,6419.0,353.0,3823.0,2479.0,4.0,117.0,0.0
aug06,Kalaburagi,196.0,6615.0,230.0,4053.0,2440.0,5.0,122.0,0.0
aug07,Kalaburagi,271.0,6886.0,203.0,4256.0,2501.0,7.0,129.0,0.0
aug08,Kalaburagi,261.0,7147.0,265.0,4521.0,2490.0,7.0,136.0,0.0
aug09,Kalaburagi,194.0,7341.0,208.0,4729.0,2472.0,4.0,140.0,0.0
aug10,Kalaburagi,196.0,7537.0,108.0,4837.0,2559.0,1.0,141.0,0.0
aug11,Kalaburagi,156.0,7693.0,155.0,4992.0,2559.0,1.0,142.0,0.0
aug12,Kalaburagi,144.0,7837.0,334.0,5326.0,2366.0,3.0,145.0,0.0
aug13,Kalaburagi,285.0,8122.0,448.0,5774.0,2194.0,9.0,154.0,0.0
aug14,Kalaburagi,229.0,8351.0,376.0,6150.0,2042.0,5.0,159.0,0.0
aug15,Kalaburagi,189.0,8540.0,219.0,6369.0,2010.0,2.0,161.0,0.0
aug16,Kalaburagi,285.0,8825.0,322.0,6691.0,1971.0,2.0,163.0,0.0
aug17,Kalaburagi,211.0,9036.0,194.0,6885.0,1981.0,7.0,170.0,0.0
aug18,Kalaburagi,229.0,9265.0,246.0,7131.0,1962.0,2.0,172.0,0.0
aug19,Kalaburagi,154.0,9419.0,247.0,7378.0,1866.0,3.0,175.0,0.0
aug20,Kalaburagi,210.0,9629.0,176.0,7554.0,1896.0,4.0,179.0,0.0
aug21,Kalaburagi,145.0,9774.0,161.0,7715.0,1873.0,7.0,186.0,0.0
aug22,Kalaburagi,165.0,9939.0,198.0,7913.0,1838.0,2.0,188.0,0.0
aug23,Kalaburagi,203.0,10142.0,215.0,8128.0,1824.0,2.0,190.0,0.0
aug24,Kalaburagi,176.0,10318.0,225.0,8353.0,1773.0,2.0,192.0,0.0
aug25,Kalaburagi,227,10545.0,189.0,8542.0,1808.0,3.0,195.0,0.0
aug26,Kalaburagi,180.0,10725.0,170.0,8712.0,1818.0,0.0,195.0,0.0
aug27,Kalaburagi,232.0,10957.0,205.0,8917.0,1842.0,3.0,198.0,0.0
aug28,Kalaburagi,222.0,11179.0,87.0,9004.0,1975.0,2.0,200.0,0.0
aug29,Kalaburagi,173.0,11352.0,317.0,9321.0,1827.0,4.0,204.0,0.0
aug30,Kalaburagi,199.0,11551.0,159.0,9480.0,1865.0,2.0,206.0,0.0
aug31,Kalaburagi,161.0,11712.0,38.0,9518.0,1984.0,4.0,210.0,0.0
sep01,Kalaburagi,220.0,11932.0,86.0,9604.0,2114.0,4.0,214.0,0.0
sep02,Kalaburagi,194.0,12126.0,96.0,9700.0,2207.0,5.0,219.0,0.0
sep03,Kalaburagi,195.0,12321.0,140.0,9840.0,2261.0,1.0,220.0,0.0
sep04,Kalaburagi,226.0,12547.0,237.0,10077.0,2248.0,2.0,222.0,0.0
sep06,Kalaburagi,165.0,12910.0,215.0,10522.0,2163.0,2.0,225.0,0.0
sep07,Kalaburagi,141.0,13051.0,241.0,10772.0,2050.0,4.0,229.0,0.0
sep08,Kalaburagi,199.0,13250.0,176.0,10948.0,2071.0,2.0,231.0,0.0
sep09,Kalaburagi,241,13491.0,195.0,11143.0,2115.0,2.0,233.0,0.0
sep10,Kalaburagi,243,13734.0,234.0,11377.0,2122.0,2.0,235.0,0.0
sep11,Kalaburagi,261.0,13995.0,144.0,11521.0,2235.0,4.0,239.0,0.0
sep12,Kalaburagi,222.0,14217.0,136.0,11657.0,2318.0,3.0,242.0,0.0
sep13,Kalaburagi,214.0,14431.0,165.0,11822.0,2367.0,0.0,242.0,0.0
sep14,Kalaburagi,185.0,14616.0,209.0,12031.0,2340.0,3.0,245.0,0.0
sep15,Kalaburagi,144.0,14760.0,87.0,12118.0,2394.0,3.0,248.0,0.0
sep16,Kalaburagi,221.0,14979.0,0.0,12118.0,2613.0,0.0,248.0,0.0
sep17,Kalaburagi,175.0,15154.0,0.0,12118.0,2788.0,0.0,248.0,0.0
sep18,Kalaburagi,179.0,15333.0,202.0,12320.0,2759.0,6.0,254.0,0.0
sep19,Kalaburagi,110.0,15443.0,352.0,12672.0,2514.0,3.0,257.0,0.0
sep20,Kalaburagi,136.0,15579.0,255.0,12927.0,2394.0,1.0,258.0,0.0
sep21,Kalaburagi,151.0,15730.0,115.0,13042.0,2429.0,1.0,259.0,0.0
sep22,Kalaburagi,168.0,15898.0,417.0,13459.0,2177.0,3.0,262.0,0.0
sep23,Kalaburagi,100.0,15998.0,0.0,13459.0,2277.0,0.0,262.0,0.0
sep24,Kalaburagi,85.0,16083.0,113.0,13572.0,2249.0,0.0,262.0,0.0
sep25,Kalaburagi,226.0,16309.0,65.0,13637.0,2407.0,3.0,265.0,0.0
sep26,Kalaburagi,249.0,16558.0,129.0,13766.0,2526.0,1.0,266.0,0.0
sep27,Kalaburagi,10.0,16568.0,18.0,13784.0,2512.0,6.0,272.0,0.0
sep28,Kalaburagi,273.0,16841.0,119.0,13903.0,2664.0,2.0,274.0,0.0
sep29,Kalaburagi,161.0,17002.0,83.0,13986.0,2740.0,2.0,276.0,0.0
sep30,Kalaburagi,97.0,17099.0,99.0,14085.0,2737.0,1.0,277.0,0.0
oct01,Kalaburagi,219,17318.0,96.0,14181.0,2860.0,0.0,277.0,0.0
oct02,Kalaburagi,98,17416.0,482.0,14663.0,2475.0,1.0,278.0,0.0
oct03,Kalaburagi,107,17523.0,322.0,14985.0,2258.0,2.0,280.0,0.0
oct04,Kalaburagi,121,17644.0,57.0,15042.0,2320.0,2.0,282.0,0.0
oct05,Kalaburagi,127,17771.0,191.0,15233.0,2255.0,1.0,283.0,0.0
oct06,Kalaburagi,103,17874.0,198.0,15431.0,2159.0,1.0,284.0,0.0
oct07,Kalaburagi,180,18054.0,204.0,15635.0,2134.0,1.0,285.0,0.0
oct08,Kalaburagi,128,18182.0,64.0,15699.0,2193.0,5.0,290.0,0.0
oct09,Kalaburagi,144,18326.0,357.0,16056.0,1980.0,0.0,290.0,0.0
oct10,Kalaburagi,104,18430.0,81.0,16137.0,1999.0,4.0,294.0,0.0
oct11,Kalaburagi,81,18511.0,806.0,16943.0,1273.0,1.0,295.0,0.0
oct12,Kalaburagi,127,18638.0,52.0,16995.0,1348.0,0.0,295.0,0.0
oct13,Kalaburagi,114,18752.0,61.0,17056.0,1400.0,1.0,296.0,0.0
oct14,Kalaburagi,39,18791.0,117.0,17173.0,1322.0,0.0,296.0,0.0
oct15,Kalaburagi,42,18833.0,85.0,17258.0,1278.0,1.0,297.0,0.0
oct16,Kalaburagi,66,18899.0,231.0,17489.0,1112.0,1.0,298.0,0.0
oct17,Kalaburagi,40,18939.0,62.0,17551.0,1090.0,0.0,298.0,0.0
oct18,Kalaburagi,67,19006.0,168.0,17719.0,988.0,1.0,299.0,0.0
oct19,Kalaburagi,75,19081.0,202.0,17921.0,859.0,2.0,301.0,0.0
oct20,Kalaburagi,67,19148.0,216.0,18137.0,710.0,0.0,301.0,0.0
oct21,Kalaburagi,83,19231.0,44.0,18181.0,746.0,3.0,304.0,0.0
oct22,Kalaburagi,55,19286.0,103.0,18284.0,697.0,1.0,305.0,0.0
oct24,Kalaburagi,71,19419.0,111.0,18475.0,638.0,1.0,306.0,0.0
oct25,Kalaburagi,62,19481.0,65.0,18540.0,635.0,0.0,306.0,0.0
oct26,Kalaburagi,37,19518.0,34.0,18574.0,638.0,0.0,306.0,0.0
oct27,Kalaburagi,31,19549.0,62.0,18636.0,605.0,2.0,308.0,0.0
oct28,Kalaburagi,29,19578.0,78.0,18714.0,553.0,3.0,311.0,0.0
oct29,Kalaburagi,35,19613.0,61.0,18775.0,526.0,1.0,312.0,0.0
oct30,Kalaburagi,50,19663.0,77.0,18852.0,499.0,0.0,312.0,0.0
oct31,Kalaburagi,32,19695.0,35.0,18887.0,496.0,0.0,312.0,0.0
dec01,Kalaburagi,8,20475.0,10.0,19902.0,254.0,0.0,319.0,0.0
dec02,Kalaburagi,26,20501.0,49.0,19951.0,230.0,1.0,320.0,0.0
dec03,Kalaburagi,26,20527.0,27.0,19978.0,229.0,0.0,320.0,0.0
dec04,Kalaburagi,19,20546.0,42.0,20020.0,206.0,0.0,320.0,0.0
dec05,Kalaburagi,15,20561.0,20.0,20040.0,201.0,0.0,320.0,0.0
dec06,Kalaburagi,23,20584.0,21.0,20061.0,203.0,0.0,320.0,0.0
dec07,Kalaburagi,27,20611.0,18.0,20079.0,212.0,0.0,320.0,0.0
dec08,Kalaburagi,24,20635.0,32.0,20111.0,204.0,0.0,320.0,0.0
dec09,Kalaburagi,12,20647.0,20.0,20131.0,195.0,1.0,321.0,0.0
dec10,Kalaburagi,26,20673.0,14.0,20145.0,207.0,0.0,321.0,0.0
dec11,Kalaburagi,17,20690.0,14.0,20159.0,210.0,0.0,321.0,0.0
dec12,Kalaburagi,13,20703.0,21.0,20180.0,202.0,0.0,321.0,0.0
dec13,Kalaburagi,11,20714.0,19.0,20199.0,194.0,0.0,321.0,0.0
dec14,Kalaburagi,12,20726.0,16.0,20215.0,190.0,0.0,321.0,0.0
dec15,Kalaburagi,20,20746.0,17.0,20232.0,193.0,0.0,321.0,0.0
dec16,Kalaburagi,30,20776.0,20.0,20252.0,203.0,0.0,321.0,0.0
dec17,Kalaburagi,13,20789.0,27.0,20279.0,189.0,0.0,321.0,0.0
dec18,Kalaburagi,26,20815.0,22.0,20301.0,193.0,0.0,321.0,0.0
dec19,Kalaburagi,50,20865.0,18.0,20319.0,225.0,0.0,321.0,0.0
dec20,Kalaburagi,22,20887.0,31.0,20350.0,216.0,0.0,321.0,0.0
dec21,Kalaburagi,10,20897.0,20.0,20370.0,206.0,0.0,321.0,0.0
dec22,Kalaburagi,36,20933.0,11.0,20381.0,230.0,1.0,322.0,0.0
dec23,Kalaburagi,18,20951.0,14.0,20395.0,234.0,0.0,322.0,0.0
dec24,Kalaburagi,18,20969.0,18.0,20413.0,234.0,0.0,322.0,0.0
dec25,Kalaburagi,34,21003.0,13.0,20426.0,255.0,0.0,322.0,0.0
dec26,Kalaburagi,14,21017.0,26.0,20452.0,242.0,1.0,323.0,0.0
dec27,Kalaburagi,12,21029.0,20.0,20472.0,234.0,0.0,323.0,0.0
dec28,Kalaburagi,14,21043.0,17.0,20489.0,231.0,0.0,323.0,0.0
dec29,Kalaburagi,5,21048.0,44.0,20533.0,192.0,0.0,323.0,0.0
dec30,Kalaburagi,17,21065.0,12.0,20545.0,197.0,0.0,323.0,0.0
dec31,Kalaburagi,18,21083.0,19.0,20564.0,196.0,0.0,323.0,0.0
jan01,Kalaburagi,11,21094.0,29.0,20593.0,178.0,0.0,323.0,0.0
jan02,Kalaburagi,17,21111.0,19.0,20612.0,176.0,0.0,323.0,0.0
jan03,Kalaburagi,15,21126.0,11.0,20623.0,179.0,1.0,324.0,0.0
jan04,Kalaburagi,18,21144.0,14.0,20637.0,183.0,0.0,324.0,0.0
jan05,Kalaburagi,24,21168.0,30.0,20667.0,176.0,1.0,325.0,0.0
jan06,Kalaburagi,20,21188.0,14.0,20681.0,182.0,0.0,325.0,0.0
jan07,Kalaburagi,17,21205.0,16.0,20697.0,183.0,0.0,325.0,0.0
jan08,Kalaburagi,35,21240.0,15.0,20712.0,203.0,0.0,325.0,0.0
jan09,Kalaburagi,12,21252.0,12.0,20724.0,203.0,0.0,325.0,0.0
jan10,Kalaburagi,18,21270.0,18.0,20742.0,203.0,0.0,325.0,0.0
jan11,Kalaburagi,14,21284.0,14.0,20756.0,203.0,0.0,325.0,0.0
jan12,Kalaburagi,20,21304.0,14.0,20770.0,208.0,1.0,326.0,0.0
jan13,Kalaburagi,16,21320.0,15.0,20785.0,209.0,0.0,326.0,0.0
jan14,Kalaburagi,13,21333.0,15.0,20800.0,207.0,0.0,326.0,0.0
jan15,Kalaburagi,24,21357.0,22.0,20822.0,208.0,1.0,327.0,0.0
jan16,Kalaburagi,12,21369.0,26.0,20848.0,194.0,0.0,327.0,0.0
jan17,Kalaburagi,21,21390.0,16.0,20864.0,199.0,0.0,327.0,0.0
jan18,Kalaburagi,11,21401.0,20.0,20884.0,190.0,0.0,327.0,0.0
jan19,Kalaburagi,8,21409.0,26.0,20910.0,172.0,0.0,327.0,0.0
jan20,Kalaburagi,7,21416.0,17.0,20927.0,162.0,0.0,327.0,0.0
jan21,Kalaburagi,40,21456.0,21.0,20948.0,181.0,0.0,327.0,0.0
jan22,Kalaburagi,9,21465.0,16.0,20964.0,174.0,0.0,327.0,0.0
jan23,Kalaburagi,39,21504.0,13.0,20977.0,199.0,1.0,328.0,0.0
jan24,Kalaburagi,16,21520.0,13.0,20990.0,202.0,0.0,328.0,0.0
jan25,Kalaburagi,20,21540.0,15.0,21005.0,207.0,0.0,328.0,0.0
jan26,Kalaburagi,15,21555.0,21.0,21026.0,201.0,0.0,328.0,0.0
jan27,Kalaburagi,12,21567.0,19.0,21045.0,194.0,0.0,328.0,0.0
jan28,Kalaburagi,16,21583.0,19.0,21064.0,191.0,0.0,328.0,0.0
jan29,Kalaburagi,12.0,21595.0,18.0,21082.0,185.0,0.0,328.0,0.0
jan30,Kalaburagi,12,21607.0,13.0,21095.0,184.0,0.0,328.0,0.0
jan31,Kalaburagi,18,21625.0,14.0,21109.0,188.0,0.0,328.0,0.0
feb01,Kalaburagi,10,21635.0,18.0,21127.0,180.0,0.0,328.0,0.0
feb02,Kalaburagi,3,21638.0,7.0,21134.0,176.0,0.0,328.0,0.0
feb03,Kalaburagi,18.0,21656.0,36.0,21170.0,158.0,0.0,328.0,0.0
feb04,Kalaburagi,14.0,21670.0,12.0,21182.0,160.0,0.0,328.0,0.0
feb05,Kalaburagi,20.0,21690.0,13.0,21195.0,167.0,0.0,328.0,0.0
feb06,Kalaburagi,14,21704.0,18.0,21213.0,163.0,0.0,328.0,0.0
feb07,Kalaburagi,20,21724.0,7.0,21220.0,176.0,0.0,328.0,0.0
feb08,Kalaburagi,13,21737.0,21.0,21241.0,168.0,0.0,328.0,0.0
feb09,Kalaburagi,8,21745.0,16.0,21257.0,160.0,0.0,328.0,0.0
feb10,Kalaburagi,14,21759.0,11.0,21268.0,163.0,0.0,328.0,0.0
feb11,Kalaburagi,10.0,21769.0,10.0,21278.0,163.0,0.0,328.0,0.0
feb12,Kalaburagi,12.0,21781.0,8.0,21286.0,167.0,0.0,328.0,0.0
feb13,Kalaburagi,17,21798.0,13.0,21299.0,171.0,0.0,328.0,0.0
feb14,Kalaburagi,12,21810.0,25.0,21324.0,157.0,1.0,329.0,0.0
feb15,Kalaburagi,10,21820.0,13.0,21337.0,154.0,0.0,329.0,0.0
feb16,Kalaburagi,9,21829.0,11.0,21348.0,152.0,0.0,329.0,0.0
feb17,Kalaburagi,10.0,21839.0,17.0,21365.0,145.0,0.0,329.0,0.0
feb18,Kalaburagi,14.0,21853.0,29.0,21394.0,130.0,0.0,329.0,0.0
feb19,Kalaburagi,23,21876.0,18.0,21412.0,135.0,0.0,329.0,0.0
feb20,Kalaburagi,13,21889.0,11.0,21423.0,137.0,0.0,329.0,0.0
feb21,Kalaburagi,23,21912.0,11.0,21434.0,149.0,0.0,329.0,0.0
feb22,Kalaburagi,4,21916.0,12.0,21446.0,141.0,0.0,329.0,0.0
feb23,Kalaburagi,8,21924.0,13.0,21459.0,136.0,0.0,329.0,0.0
feb24,Kalaburagi,13,21937.0,12.0,21471.0,137.0,0.0,329.0,0.0
feb25,Kalaburagi,12,21949.0,12.0,21483.0,136.0,1.0,330.0,0.0
feb26,Kalaburagi,21,21970.0,11.0,21494.0,146.0,0.0,330.0,0.0
feb27,Kalaburagi,17,21987.0,6.0,21500.0,157.0,0.0,330.0,0.0
feb28,Kalaburagi,20,22007.0,9.0,21509.0,168.0,0.0,330.0,0.0
