date,District_Name,Todays_Positives,Total_Positives,Todays_Discharges,Total_Discharges,Total_Active_Cases,Todays_Covid_Deaths,Total_Covid_Deaths,Non_Covid_Deaths
july01,Kodagu,7.0,54.0,0.0,3.0,51.0,,0.0,0.0
july02,Kodagu,6.0,60.0,0.0,3.0,57.0,,0.0,0.0
july03,Kodagu,16.0,76.0,0.0,3.0,73.0,,0.0,0.0
july04,Kodagu,0.0,76.0,0.0,3.0,73.0,,0.0,0.0
july05,Kodagu,0.0,76.0,0.0,3.0,73.0,,0.0,0.0
july06,Kodagu,2.0,78.0,0.0,3.0,74.0,,1.0,0.0
july07,Kodagu,14.0,92.0,0.0,3.0,88.0,,1.0,0.0
july08,Kodagu,0.0,92.0,12.0,15.0,76.0,,1.0,0.0
july10,Kodagu,33.0,129.0,2.0,17.0,111.0,,1.0,0.0
july11,Kodagu,12.0,141.0,0.0,17.0,123.0,,1.0,0.0
july12,Kodagu,15.0,156.0,44.0,61.0,94.0,0.0,1.0,0.0
july13,Kodagu,29.0,185.0,7.0,68.0,114.0,2.0,3.0,0.0
july14,Kodagu,10.0,195.0,0.0,68.0,124.0,0.0,3.0,0.0
july15,Kodagu,23.0,218.0,0.0,68.0,147.0,0.0,3.0,0.0
july16,Kodagu,18.0,236.0,46.0,114.0,119.0,0.0,3.0,0.0
july17,Kodagu,13.0,249.0,0.0,114.0,131.0,1.0,4.0,0.0
july19,Kodagu,13.0,272.0,59.0,173.0,94.0,0.0,5.0,0.0
july20,Kodagu,8.0,280.0,0.0,173.0,102.0,0.0,5.0,0.0
july21,Kodagu,1.0,281.0,9.0,182.0,94.0,0.0,5.0,0.0
july22,Kodagu,7.0,288.0,28.0,210.0,73.0,0.0,5.0,0.0
july23,Kodagu,22.0,310.0,0.0,210.0,95.0,0.0,5.0,0.0
july24,Kodagu,3.0,313.0,26.0,236.0,72.0,0.0,5.0,0.0
july25,Kodagu,9.0,322.0,0.0,236.0,81.0,0.0,5.0,0.0
july26,Kodagu,20.0,342.0,10.0,246.0,91.0,0.0,5.0,0.0
july27,Kodagu,10.0,352.0,7.0,253.0,94.0,0.0,5.0,0.0
july28,Kodagu,2.0,354.0,13.0,266.0,82.0,1.0,6.0,0.0
july29,Kodagu,8.0,362.0,0.0,266.0,90.0,0.0,6.0,0.0
july30,Kodagu,24.0,386.0,0.0,266.0,114.0,0.0,6.0,0.0
july31,Kodagu,30.0,416.0,23.0,288.0,119.0,3.0,9.0,0.0
aug01,Kodagu,35.0,451.0,0.0,288.0,154.0,0.0,9.0,0.0
aug02,Kodagu,16.0,467.0,0.0,288.0,170.0,0.0,9.0,0.0
aug03,Kodagu,39.0,506.0,32.0,320.0,177.0,0.0,9.0,0.0
aug04,Kodagu,31.0,537.0,0.0,320.0,208.0,0.0,9.0,0.0
aug05,Kodagu,13.0,550.0,19.0,339.0,201.0,1.0,10.0,0.0
aug06,Kodagu,51.0,601.0,24.0,363.0,228.0,0.0,10.0,0.0
aug07,Kodagu,27.0,628.0,13.0,376.0,242.0,0.0,10.0,0.0
aug08,Kodagu,22.0,650.0,21.0,397.0,242.0,1.0,11.0,0.0
aug09,Kodagu,22.0,672.0,0.0,397.0,264.0,0.0,11.0,0.0
aug10,Kodagu,29.0,701.0,31.0,428.0,262.0,0.0,11.0,0.0
aug11,Kodagu,41.0,742.0,29.0,457.0,274.0,0.0,11.0,0.0
aug12,Kodagu,29.0,771.0,47.0,504.0,256.0,0.0,11.0,0.0
aug13,Kodagu,55.0,826.0,29.0,533.0,282.0,0.0,11.0,0.0
aug14,Kodagu,60.0,886.0,44.0,577.0,298.0,0.0,11.0,0.0
aug15,Kodagu,48.0,934.0,23.0,600.0,323.0,0.0,11.0,0.0
aug16,Kodagu,25.0,959.0,27.0,627.0,321.0,0.0,11.0,0.0
aug17,Kodagu,18.0,977.0,1.0,628.0,337.0,1.0,12.0,0.0
aug18,Kodagu,16.0,993.0,25.0,653.0,328.0,0.0,12.0,0.0
aug19,Kodagu,38.0,1031.0,14.0,667.0,352.0,0.0,12.0,0.0
aug20,Kodagu,46.0,1077.0,49.0,716.0,347.0,2.0,14.0,0.0
aug21,Kodagu,65.0,1142.0,107.0,823.0,303.0,2.0,16.0,0.0
aug22,Kodagu,24.0,1166.0,64.0,887.0,263.0,0.0,16.0,0.0
aug23,Kodagu,15.0,1181.0,0.0,887.0,278.0,0.0,16.0,0.0
aug24,Kodagu,35.0,1216.0,38.0,925.0,275.0,0.0,16.0,0.0
aug25,Kodagu,8,1224.0,17.0,942.0,266.0,0.0,16.0,0.0
aug26,Kodagu,26.0,1250.0,50.0,992.0,242.0,0.0,16.0,0.0
aug27,Kodagu,25.0,1275.0,54.0,1046.0,212.0,1.0,17.0,0.0
aug28,Kodagu,28.0,1303.0,24.0,1070.0,215.0,1.0,18.0,0.0
aug29,Kodagu,46.0,1349.0,38.0,1108.0,222.0,1.0,19.0,0.0
aug30,Kodagu,65.0,1414.0,39.0,1147.0,246.0,2.0,21.0,0.0
aug31,Kodagu,17.0,1431.0,2.0,1149.0,261.0,0.0,21.0,0.0
sep01,Kodagu,54.0,1485.0,14.0,1163.0,301.0,0.0,21.0,0.0
sep02,Kodagu,25.0,1510.0,31.0,1194.0,295.0,0.0,21.0,0.0
sep03,Kodagu,82.0,1592.0,18.0,1212.0,359.0,0.0,21.0,0.0
sep04,Kodagu,44.0,1636.0,39.0,1251.0,364.0,0.0,21.0,0.0
sep06,Kodagu,38.0,1702.0,71.0,1357.0,323.0,1.0,22.0,0.0
sep07,Kodagu,11.0,1713.0,18.0,1347.0,343.0,1.0,23.0,0.0
sep08,Kodagu,29.0,1742.0,12.0,1359.0,360.0,0.0,23.0,0.0
sep09,Kodagu,60,1802.0,41.0,1400.0,378.0,1.0,24.0,0.0
sep10,Kodagu,61,1863.0,18.0,1418.0,420.0,1.0,25.0,0.0
sep11,Kodagu,18.0,1881.0,111.0,1529.0,326.0,1.0,26.0,0.0
sep12,Kodagu,27.0,1908.0,43.0,1572.0,310.0,0.0,26.0,0.0
sep13,Kodagu,33.0,1941.0,24.0,1596.0,319.0,0.0,26.0,0.0
sep14,Kodagu,32.0,1973.0,29.0,1625.0,321.0,1.0,27.0,0.0
sep15,Kodagu,72.0,2045.0,0.0,1625.0,393.0,0.0,27.0,0.0
sep16,Kodagu,41.0,2086.0,0.0,1625.0,433.0,0.0,28.0,0.0
sep17,Kodagu,47.0,2133.0,0.0,1625.0,480.0,0.0,28.0,0.0
sep18,Kodagu,44.0,2177.0,141.0,1766.0,380.0,3.0,31.0,0.0
sep19,Kodagu,38.0,2215.0,34.0,1800.0,384.0,0.0,31.0,0.0
sep20,Kodagu,32.0,2247.0,40.0,1840.0,376.0,0.0,31.0,0.0
sep21,Kodagu,13.0,2260.0,20.0,1860.0,369.0,0.0,31.0,0.0
sep22,Kodagu,73.0,2333.0,69.0,1929.0,373.0,0.0,31.0,0.0
sep23,Kodagu,33.0,2366.0,0.0,1929.0,406.0,0.0,31.0,0.0
sep24,Kodagu,2.0,2368.0,28.0,1957.0,380.0,0.0,31.0,0.0
sep25,Kodagu,67.0,2435.0,46.0,2003.0,399.0,2.0,33.0,0.0
sep26,Kodagu,79.0,2514.0,41.0,2044.0,437.0,0.0,33.0,0.0
sep27,Kodagu,53.0,2567.0,44.0,2088.0,446.0,0.0,33.0,0.0
sep28,Kodagu,25.0,2592.0,28.0,2116.0,442.0,1.0,34.0,0.0
sep29,Kodagu,57.0,2649.0,27.0,2143.0,470.0,2.0,36.0,0.0
sep30,Kodagu,96.0,2745.0,31.0,2174.0,535.0,0.0,36.0,0.0
oct01,Kodagu,58,2803.0,11.0,2185.0,578.0,4.0,40.0,0.0
oct02,Kodagu,30,2833.0,100.0,2285.0,508.0,0.0,40.0,0.0
oct03,Kodagu,37,2870.0,42.0,2327.0,503.0,0.0,40.0,0.0
oct04,Kodagu,148,3018.0,38.0,2365.0,609.0,4.0,44.0,0.0
oct05,Kodagu,47,3065.0,104.0,2469.0,551.0,1.0,45.0,0.0
oct06,Kodagu,83,3148.0,4.0,2473.0,630.0,0.0,45.0,0.0
oct07,Kodagu,103,3251.0,55.0,2528.0,677.0,1.0,46.0,0.0
oct08,Kodagu,94,3345.0,87.0,2615.0,684.0,0.0,46.0,0.0
oct09,Kodagu,31,3376.0,199.0,2814.0,515.0,1.0,47.0,0.0
oct10,Kodagu,216,3592.0,110.0,2924.0,619.0,2.0,49.0,0.0
oct11,Kodagu,40,3632.0,76.0,3000.0,583.0,0.0,49.0,0.0
oct12,Kodagu,65,3697.0,63.0,3063.0,585.0,0.0,49.0,0.0
oct13,Kodagu,151,3848.0,45.0,3108.0,688.0,3.0,52.0,0.0
oct14,Kodagu,160,4008.0,92.0,3200.0,756.0,0.0,52.0,0.0
oct15,Kodagu,158,4166.0,130.0,3330.0,784.0,0.0,52.0,0.0
oct16,Kodagu,105,4271.0,173.0,3503.0,713.0,3.0,55.0,0.0
oct17,Kodagu,77,4348.0,67.0,3570.0,721.0,2.0,57.0,0.0
oct18,Kodagu,72,4420.0,47.0,3617.0,746.0,0.0,57.0,0.0
oct19,Kodagu,32,4452.0,80.0,3697.0,696.0,2.0,59.0,0.0
oct20,Kodagu,24,4476.0,121.0,3818.0,599.0,0.0,59.0,0.0
oct21,Kodagu,51,4527.0,88.0,3906.0,562.0,0.0,59.0,0.0
oct22,Kodagu,49,4576.0,88.0,3994.0,522.0,1.0,60.0,0.0
oct24,Kodagu,33,4646.0,105.0,4198.0,388.0,0.0,60.0,0.0
oct25,Kodagu,35,4681.0,73.0,4271.0,350.0,0.0,60.0,0.0
oct26,Kodagu,39,4720.0,82.0,4353.0,306.0,1.0,61.0,0.0
oct27,Kodagu,43,4763.0,16.0,4369.0,333.0,0.0,61.0,0.0
oct28,Kodagu,15,4778.0,55.0,4424.0,291.0,2.0,63.0,0.0
oct29,Kodagu,13,4791.0,52.0,4476.0,252.0,0.0,63.0,0.0
oct30,Kodagu,48,4839.0,40.0,4516.0,260.0,0.0,63.0,0.0
oct31,Kodagu,17,4856.0,70.0,4586.0,207.0,0.0,63.0,0.0
dec01,Kodagu,9,5307.0,7.0,5159.0,80.0,0.0,68.0,0.0
dec02,Kodagu,7,5314.0,26.0,5185.0,61.0,0.0,68.0,0.0
dec03,Kodagu,7,5321.0,14.0,5199.0,54.0,0.0,68.0,0.0
dec04,Kodagu,18,5339.0,9.0,5208.0,63.0,0.0,68.0,0.0
dec05,Kodagu,18,5357.0,2.0,5210.0,79.0,0.0,68.0,0.0
dec06,Kodagu,22,5379.0,8.0,5218.0,93.0,0.0,68.0,0.0
dec07,Kodagu,1,5380.0,9.0,5227.0,85.0,0.0,68.0,0.0
dec08,Kodagu,5,5385.0,11.0,5238.0,79.0,0.0,68.0,0.0
dec09,Kodagu,8,5393.0,14.0,5252.0,73.0,0.0,68.0,0.0
dec10,Kodagu,13,5406.0,7.0,5259.0,79.0,0.0,68.0,0.0
dec11,Kodagu,16,5422.0,22.0,5281.0,73.0,0.0,68.0,0.0
dec12,Kodagu,19,5441.0,11.0,5292.0,81.0,0.0,68.0,0.0
dec13,Kodagu,30,5471.0,6.0,5298.0,105.0,0.0,68.0,0.0
dec14,Kodagu,34,5505.0,8.0,5306.0,131.0,0.0,68.0,0.0
dec15,Kodagu,7,5512.0,2.0,5308.0,135.0,1.0,69.0,0.0
dec16,Kodagu,46,5558.0,15.0,5323.0,166.0,0.0,69.0,0.0
dec17,Kodagu,17,5575.0,18.0,5341.0,165.0,0.0,69.0,0.0
dec18,Kodagu,9,5584.0,30.0,5371.0,143.0,1.0,70.0,0.0
dec19,Kodagu,17,5601.0,15.0,5386.0,145.0,0.0,70.0,0.0
dec20,Kodagu,17,5618.0,19.0,5405.0,143.0,0.0,70.0,0.0
dec21,Kodagu,13,5631.0,10.0,5415.0,146.0,0.0,70.0,0.0
dec22,Kodagu,18,5649.0,27.0,5442.0,136.0,1.0,71.0,0.0
dec23,Kodagu***,1,5650.0,25.0,5467.0,113.0,0.0,70.0,0.0
dec24,Kodagu,6,5656.0,5.0,5472.0,114.0,0.0,70.0,0.0
dec25,Kodagu,5,5661.0,36.0,5508.0,83.0,0.0,70.0,0.0
dec26,Kodagu,14,5675.0,21.0,5529.0,76.0,0.0,70.0,0.0
dec27,Kodagu,7,5682.0,9.0,5538.0,74.0,0.0,70.0,0.0
dec28,Kodagu,27,5709.0,12.0,5550.0,88.0,1.0,71.0,0.0
dec29,Kodagu,1,5710.0,5.0,5555.0,84.0,0.0,71.0,0.0
dec30,Kodagu,18,5728.0,9.0,5564.0,93.0,0.0,71.0,0.0
dec31,Kodagu,14,5742.0,8.0,5572.0,99.0,0.0,71.0,0.0
jan01,Kodagu,7,5749.0,5.0,5577.0,101.0,0.0,71.0,0.0
jan02,Kodagu,12,5761.0,10.0,5587.0,103.0,0.0,71.0,0.0
jan03,Kodagu,14,5775.0,6.0,5593.0,111.0,0.0,71.0,0.0
jan04,Kodagu,2,5777.0,13.0,5606.0,100.0,0.0,71.0,0.0
jan05,Kodagu,8,5785.0,31.0,5637.0,77.0,0.0,71.0,0.0
jan06,Kodagu,12,5797.0,14.0,5651.0,75.0,0.0,71.0,0.0
jan07,Kodagu,8,5805.0,15.0,5666.0,68.0,0.0,71.0,0.0
jan08,Kodagu,14,5819.0,8.0,5674.0,74.0,0.0,71.0,0.0
jan09,Kodagu,3,5822.0,12.0,5686.0,65.0,0.0,71.0,0.0
jan10,Kodagu,15,5837.0,6.0,5692.0,74.0,0.0,71.0,0.0
jan11,Kodagu,12,5849.0,9.0,5701.0,77.0,0.0,71.0,0.0
jan12,Kodagu,4,5853.0,4.0,5705.0,77.0,0.0,71.0,0.0
jan13,Kodagu,9,5862.0,4.0,5709.0,82.0,0.0,71.0,0.0
jan14,Kodagu,16,5878.0,5.0,5714.0,93.0,0.0,71.0,0.0
jan15,Kodagu,9,5887.0,8.0,5722.0,94.0,0.0,71.0,0.0
jan16,Kodagu,4,5891.0,5.0,5727.0,93.0,0.0,71.0,0.0
jan17,Kodagu,7,5898.0,7.0,5734.0,93.0,0.0,71.0,0.0
jan18,Kodagu,14,5912.0,15.0,5749.0,91.0,1.0,72.0,0.0
jan19,Kodagu,6,5918.0,7.0,5756.0,90.0,0.0,72.0,0.0
jan20,Kodagu,4,5922.0,12.0,5768.0,82.0,0.0,72.0,0.0
jan21,Kodagu,5,5927.0,10.0,5778.0,77.0,0.0,72.0,0.0
jan22,Kodagu,5,5932.0,11.0,5789.0,71.0,0.0,72.0,0.0
jan23,Kodagu,9,5941.0,9.0,5798.0,71.0,0.0,72.0,0.0
jan24,Kodagu,5,5946.0,7.0,5805.0,69.0,0.0,72.0,0.0
jan25,Kodagu,3,5949.0,7.0,5812.0,65.0,0.0,72.0,0.0
jan26,Kodagu,6,5955.0,10.0,5822.0,61.0,0.0,72.0,0.0
jan27,Kodagu,14,5969.0,8.0,5830.0,67.0,0.0,72.0,0.0
jan28,Kodagu,22,5991.0,8.0,5838.0,81.0,0.0,72.0,0.0
jan29,Kodagu,7.0,5998.0,10.0,5848.0,78.0,0.0,72.0,0.0
jan30,Kodagu,3,6001.0,6.0,5854.0,75.0,0.0,72.0,0.0
jan31,Kodagu,7,6008.0,6.0,5860.0,76.0,0.0,72.0,0.0
feb01,Kodagu,27,6035.0,4.0,5864.0,99.0,0.0,72.0,0.0
feb02,Kodagu,10,6045.0,4.0,5868.0,105.0,0.0,72.0,0.0
feb03,Kodagu,6.0,6051.0,6.0,5874.0,105.0,0.0,72.0,0.0
feb04,Kodagu,6.0,6057.0,3.0,5877.0,108.0,0.0,72.0,0.0
feb05,Kodagu,10.0,6067.0,2.0,5879.0,116.0,0.0,72.0,0.0
feb06,Kodagu,9,6076.0,6.0,5885.0,119.0,0.0,72.0,0.0
feb07,Kodagu,7,6083.0,29.0,5914.0,97.0,0.0,72.0,0.0
feb08,Kodagu,1,6084.0,21.0,5935.0,77.0,0.0,72.0,0.0
feb09,Kodagu,2,6086.0,8.0,5943.0,71.0,0.0,72.0,0.0
feb10,Kodagu,11,6097.0,13.0,5956.0,69.0,0.0,72.0,0.0
feb11,Kodagu,6.0,6103.0,4.0,5960.0,71.0,0.0,72.0,0.0
feb12,Kodagu,0.0,6103.0,3.0,5963.0,68.0,0.0,72.0,0.0
feb13,Kodagu,6,6109.0,5.0,5968.0,69.0,0.0,72.0,0.0
feb14,Kodagu,2,6111.0,7.0,5975.0,64.0,0.0,72.0,0.0
feb15,Kodagu,0,6111.0,9.0,5984.0,55.0,0.0,72.0,0.0
feb16,Kodagu,4,6115.0,9.0,5993.0,50.0,0.0,72.0,0.0
feb17,Kodagu,3.0,6118.0,5.0,5998.0,48.0,0.0,72.0,0.0
feb18,Kodagu,0.0,6118.0,8.0,6006.0,40.0,0.0,72.0,0.0
feb19,Kodagu,2,6120.0,6.0,6012.0,35.0,1.0,73.0,0.0
feb20,Kodagu,3,6123.0,2.0,6014.0,36.0,0.0,73.0,0.0
feb21,Kodagu,3,6126.0,1.0,6015.0,38.0,0.0,73.0,0.0
feb22,Kodagu,3,6129.0,2.0,6017.0,39.0,0.0,73.0,0.0
feb23,Kodagu,3,6132.0,4.0,6021.0,38.0,0.0,73.0,0.0
feb24,Kodagu,1,6133.0,1.0,6022.0,38.0,0.0,73.0,0.0
feb25,Kodagu,7,6140.0,1.0,6023.0,44.0,0.0,73.0,0.0
feb26,Kodagu,4,6144.0,1.0,6024.0,47.0,0.0,73.0,0.0
feb27,Kodagu,4,6148.0,2.0,6026.0,49.0,0.0,73.0,0.0
feb28,Kodagu,6,6154.0,0.0,6026.0,55.0,0.0,73.0,0.0
