date,District_Name,Todays_Positives,Total_Positives,Todays_Discharges,Total_Discharges,Total_Active_Cases,Todays_Covid_Deaths,Total_Covid_Deaths,Non_Covid_Deaths
july01,Kolara,5.0,127.0,4.0,57.0,68.0,,2.0,0.0
july02,Kolara,12.0,139.0,0.0,57.0,80.0,,2.0,0.0
july03,Kolara,11.0,150.0,5.0,62.0,86.0,,2.0,0.0
july04,Kolara,11.0,161.0,3.0,65.0,94.0,,2.0,0.0
july05,Kolara,13.0,174.0,7.0,72.0,100.0,,2.0,0.0
july06,Kolara,10.0,184.0,10.0,82.0,100.0,,2.0,0.0
july07,Kolara,6.0,190.0,7.0,89.0,99.0,,2.0,0.0
july08,Kolara,16.0,206.0,1.0,90.0,114.0,,2.0,0.0
july10,Kolara,9.0,249.0,0.0,90.0,157.0,,2.0,0.0
july11,Kolara,12.0,261.0,24.0,114.0,145.0,,2.0,0.0
july12,Kolara,24.0,285.0,7.0,121.0,162.0,0.0,2.0,0.0
july13,Kolara,21.0,306.0,0.0,121.0,183.0,0.0,2.0,0.0
july14,Kolara,11.0,317.0,3.0,124.0,191.0,0.0,2.0,0.0
july15,Kolara,15.0,332.0,8.0,132.0,198.0,0.0,2.0,0.0
july16,Kolara,43.0,375.0,0.0,132.0,235.0,6.0,8.0,0.0
july17,Kolara,51.0,426.0,0.0,132.0,285.0,1.0,9.0,0.0
july19,Kolara,25.0,486.0,0.0,132.0,340.0,5.0,14.0,0.0
july20,Kolara,41.0,527.0,52.0,184.0,329.0,0.0,14.0,0.0
july21,Kolara,103.0,630.0,0.0,184.0,428.0,4.0,18.0,0.0
july22,Kolara,88.0,718.0,10.0,194.0,505.0,1.0,19.0,0.0
july23,Kolara,40.0,758.0,50.0,244.0,495.0,0.0,19.0,0.0
july24,Kolara,36.0,794.0,36.0,280.0,494.0,1.0,20.0,0.0
july25,Kolara,68.0,862.0,70.0,350.0,492.0,0.0,20.0,0.0
july26,Kolara,49.0,911.0,8.0,358.0,533.0,0.0,20.0,0.0
july27,Kolara,142.0,1053.0,0.0,358.0,673.0,2.0,22.0,0.0
july28,Kolara,174.0,1227.0,0.0,358.0,846.0,1.0,23.0,0.0
july29,Kolara,34.0,1261.0,0.0,358.0,880.0,0.0,23.0,0.0
july30,Kolara,32.0,1293.0,90.0,448.0,820.0,2.0,25.0,0.0
july31,Kolara,32.0,1325.0,42.0,490.0,810.0,0.0,25.0,0.0
aug01,Kolara,39.0,1364.0,0.0,490.0,849.0,0.0,25.0,0.0
aug02,Kolara,51.0,1415.0,59.0,549.0,841.0,0.0,25.0,0.0
aug03,Kolara,40.0,1455.0,0.0,549.0,881.0,0.0,25.0,0.0
aug04,Kolara,46.0,1501.0,38.0,587.0,889.0,0.0,25.0,0.0
aug05,Kolara,49.0,1550.0,150.0,737.0,784.0,4.0,29.0,0.0
aug06,Kolara,107.0,1657.0,74.0,811.0,813.0,4.0,33.0,0.0
aug07,Kolara,88.0,1745.0,43.0,854.0,855.0,3.0,36.0,0.0
aug08,Kolara,57.0,1802.0,9.0,863.0,903.0,0.0,36.0,0.0
aug09,Kolara,87.0,1889.0,0.0,863.0,982.0,8.0,44.0,0.0
aug10,Kolara,100.0,1989.0,38.0,901.0,1044.0,0.0,44.0,0.0
aug11,Kolara,69.0,2058.0,26.0,927.0,1087.0,0.0,44.0,0.0
aug12,Kolara,33.0,2091.0,51.0,978.0,1067.0,2.0,46.0,0.0
aug13,Kolara,77.0,2168.0,39.0,1017.0,1105.0,0.0,46.0,0.0
aug14,Kolara,81.0,2249.0,21.0,1038.0,1165.0,0.0,46.0,0.0
aug15,Kolara,55.0,2304.0,78.0,1116.0,1142.0,0.0,46.0,0.0
aug16,Kolara,90.0,2394.0,160.0,1276.0,1072.0,0.0,46.0,0.0
aug17,Kolara,121.0,2515.0,201.0,1477.0,992.0,0.0,46.0,0.0
aug18,Kolara,71.0,2586.0,167.0,1644.0,896.0,0.0,46.0,0.0
aug19,Kolara,86.0,2672.0,114.0,1758.0,868.0,0.0,46.0,0.0
aug20,Kolara,69.0,2741.0,132.0,1890.0,804.0,1.0,47.0,0.0
aug21,Kolara,50.0,2791.0,85.0,1975.0,767.0,2.0,49.0,0.0
aug22,Kolara,69.0,2860.0,70.0,2045.0,766.0,0.0,49.0,0.0
aug23,Kolara,47.0,2907.0,68.0,2113.0,743.0,2.0,51.0,0.0
aug24,Kolara,45.0,2952.0,122.0,2235.0,666.0,0.0,51.0,0.0
aug25,Kolara,47,2999.0,117.0,2352.0,594.0,2.0,53.0,0.0
aug26,Kolara,88.0,3087.0,116.0,2468.0,563.0,3.0,56.0,0.0
aug27,Kolara,108.0,3195.0,20.0,2488.0,651.0,0.0,56.0,0.0
aug28,Kolara,74.0,3269.0,1.0,2489.0,721.0,3.0,59.0,0.0
aug29,Kolara,51.0,3320.0,77.0,2566.0,692.0,3.0,62.0,0.0
aug30,Kolara,82.0,3402.0,49.0,2615.0,725.0,0.0,62.0,0.0
aug31,Kolara,60.0,3462.0,58.0,2673.0,726.0,1.0,63.0,0.0
sep01,Kolara,64.0,3526.0,59.0,2732.0,730.0,1.0,64.0,0.0
sep02,Kolara,83.0,3609.0,73.0,2805.0,740.0,0.0,64.0,0.0
sep03,Kolara,103.0,3712.0,78.0,2883.0,765.0,0.0,64.0,0.0
sep04,Kolara,86.0,3798.0,76.0,2959.0,774.0,1.0,65.0,0.0
sep06,Kolara,119.0,4029.0,45.0,3174.0,789.0,0.0,66.0,0.0
sep07,Kolara,26.0,4055.0,105.0,3281.0,708.0,0.0,66.0,0.0
sep08,Kolara,30.0,4085.0,69.0,3350.0,667.0,2.0,68.0,0.0
sep09,Kolara,97,4182.0,53.0,3403.0,710.0,1.0,69.0,0.0
sep10,Kolara,104,4286.0,46.0,3449.0,766.0,2.0,71.0,0.0
sep11,Kolara,70.0,4356.0,61.0,3510.0,775.0,0.0,71.0,0.0
sep12,Kolara,53.0,4409.0,70.0,3580.0,756.0,2.0,73.0,0.0
sep13,Kolara,73.0,4482.0,52.0,3632.0,775.0,2.0,75.0,0.0
sep14,Kolara,57.0,4539.0,78.0,3710.0,754.0,0.0,75.0,0.0
sep15,Kolara,69.0,4608.0,85.0,3795.0,736.0,2.0,77.0,0.0
sep16,Kolara,101.0,4709.0,54.0,3849.0,782.0,1.0,78.0,0.0
sep17,Kolara,115.0,4824.0,54.0,3903.0,843.0,0.0,78.0,0.0
sep18,Kolara,63.0,4887.0,93.0,3996.0,813.0,0.0,78.0,0.0
sep19,Kolara,91.0,4978.0,97.0,4093.0,807.0,0.0,78.0,0.0
sep20,Kolara,105.0,5083.0,62.0,4155.0,850.0,0.0,78.0,0.0
sep21,Kolara,53.0,5136.0,78.0,4233.0,825.0,0.0,78.0,0.0
sep22,Kolara,52.0,5188.0,69.0,4302.0,808.0,0.0,78.0,0.0
sep23,Kolara,44.0,5232.0,30.0,4332.0,822.0,0.0,78.0,0.0
sep24,Kolara,31.0,5263.0,0.0,4332.0,853.0,0.0,78.0,0.0
sep25,Kolara,58.0,5321.0,3.0,4335.0,907.0,1.0,79.0,0.0
sep26,Kolara,165.0,5486.0,21.0,4356.0,1050.0,1.0,80.0,0.0
sep27,Kolara,125.0,5611.0,28.0,4384.0,1144.0,3.0,83.0,0.0
sep28,Kolara,90.0,5701.0,44.0,4428.0,1190.0,0.0,83.0,0.0
sep29,Kolara,72.0,5773.0,105.0,4533.0,1157.0,0.0,83.0,0.0
sep30,Kolara,78.0,5851.0,71.0,4604.0,1162.0,2.0,85.0,0.0
oct01,Kolara,53,5904.0,66.0,4670.0,1144.0,5.0,90.0,0.0
oct02,Kolara,29,5933.0,60.0,4730.0,1113.0,0.0,90.0,0.0
oct03,Kolara,20,5953.0,25.0,4755.0,1108.0,0.0,90.0,0.0
oct04,Kolara,165,6118.0,97.0,4852.0,1176.0,0.0,90.0,0.0
oct05,Kolara,147,6265.0,102.0,4954.0,1221.0,0.0,90.0,0.0
oct06,Kolara,161,6426.0,91.0,5045.0,1287.0,4.0,94.0,0.0
oct07,Kolara,104,6530.0,1.0,5046.0,1386.0,4.0,98.0,0.0
oct08,Kolara,129,6659.0,76.0,5122.0,1434.0,5.0,103.0,0.0
oct09,Kolara,156,6815.0,151.0,5273.0,1435.0,4.0,107.0,0.0
oct10,Kolara,174,6989.0,135.0,5408.0,1471.0,3.0,110.0,0.0
oct11,Kolara,172,7161.0,98.0,5506.0,1538.0,7.0,117.0,0.0
oct12,Kolara,59,7220.0,171.0,5677.0,1424.0,2.0,119.0,0.0
oct13,Kolara,101,7321.0,108.0,5785.0,1414.0,3.0,122.0,0.0
oct14,Kolara,93,7414.0,131.0,5916.0,1374.0,2.0,124.0,0.0
oct15,Kolara,81,7495.0,134.0,6050.0,1319.0,2.0,126.0,0.0
oct16,Kolara,69,7564.0,171.0,6221.0,1215.0,2.0,128.0,0.0
oct17,Kolara,78,7642.0,78.0,6299.0,1210.0,5.0,133.0,0.0
oct18,Kolara,71,7713.0,104.0,6403.0,1175.0,2.0,135.0,0.0
oct19,Kolara,41,7754.0,134.0,6537.0,1080.0,2.0,137.0,0.0
oct20,Kolara,29,7783.0,139.0,6676.0,966.0,4.0,141.0,0.0
oct21,Kolara,49,7832.0,152.0,6828.0,863.0,0.0,141.0,0.0
oct22,Kolara,52,7884.0,148.0,6976.0,765.0,2.0,143.0,0.0
oct24,Kolara,45,7976.0,78.0,7198.0,631.0,2.0,147.0,0.0
oct25,Kolara,49,8025.0,52.0,7250.0,626.0,2.0,149.0,0.0
oct26,Kolara,75,8100.0,59.0,7309.0,641.0,1.0,150.0,0.0
oct27,Kolara,16,8116.0,53.0,7362.0,603.0,1.0,151.0,0.0
oct28,Kolara,74,8190.0,106.0,7468.0,569.0,2.0,153.0,0.0
oct29,Kolara,28,8218.0,92.0,7560.0,505.0,0.0,153.0,0.0
oct30,Kolara,62,8280.0,74.0,7634.0,493.0,0.0,153.0,0.0
oct31,Kolara,47,8327.0,50.0,7684.0,489.0,1.0,154.0,0.0
dec01,Kolara,25,9166.0,24.0,8868.0,130.0,0.0,168.0,0.0
dec02,Kolara,30,9196.0,26.0,8894.0,133.0,1.0,169.0,0.0
dec03,Kolara,32,9228.0,30.0,8924.0,134.0,1.0,170.0,0.0
dec04,Kolara,25,9253.0,26.0,8950.0,132.0,1.0,171.0,0.0
dec05,Kolara,22,9275.0,10.0,8960.0,143.0,1.0,172.0,0.0
dec06,Kolara,11,9286.0,10.0,8970.0,143.0,1.0,173.0,0.0
dec07,Kolara,25,9311.0,27.0,8997.0,141.0,0.0,173.0,0.0
dec08,Kolara,32,9343.0,21.0,9018.0,152.0,0.0,173.0,0.0
dec09,Kolara,16,9359.0,22.0,9040.0,146.0,0.0,173.0,0.0
dec10,Kolara,13,9372.0,15.0,9055.0,144.0,0.0,173.0,0.0
dec11,Kolara,19,9391.0,20.0,9075.0,143.0,0.0,173.0,0.0
dec12,Kolara,10,9401.0,27.0,9102.0,125.0,1.0,174.0,0.0
dec13,Kolara,14,9415.0,23.0,9125.0,116.0,0.0,174.0,0.0
dec14,Kolara,25,9440.0,18.0,9143.0,123.0,0.0,174.0,0.0
dec15,Kolara,26,9466.0,23.0,9166.0,126.0,0.0,174.0,0.0
dec16,Kolara,16,9482.0,25.0,9191.0,117.0,0.0,174.0,0.0
dec17,Kolara,29,9511.0,21.0,9212.0,125.0,0.0,174.0,0.0
dec18,Kolara,16,9527.0,23.0,9235.0,118.0,0.0,174.0,0.0
dec19,Kolara,9,9536.0,19.0,9254.0,108.0,0.0,174.0,0.0
dec20,Kolara,24,9560.0,18.0,9272.0,114.0,0.0,174.0,0.0
dec21,Kolara,31,9591.0,24.0,9296.0,121.0,0.0,174.0,0.0
dec22,Kolara,19,9610.0,18.0,9314.0,122.0,0.0,174.0,0.0
dec23,Kolara***,14,9624.0,17.0,9331.0,118.0,0.0,175.0,0.0
dec24,Kolara,11,9635.0,14.0,9345.0,115.0,0.0,175.0,0.0
dec25,Kolara,3,9638.0,5.0,9350.0,113.0,0.0,175.0,0.0
dec26,Kolara,8,9646.0,9.0,9359.0,112.0,0.0,175.0,0.0
dec27,Kolara,9,9655.0,6.0,9365.0,114.0,1.0,176.0,0.0
dec28,Kolara,7,9662.0,9.0,9374.0,112.0,0.0,176.0,0.0
dec29,Kolara,31,9693.0,16.0,9390.0,127.0,0.0,176.0,0.0
dec30,Kolara,7,9700.0,9.0,9399.0,125.0,0.0,176.0,0.0
dec31,Kolara,10,9710.0,10.0,9409.0,125.0,0.0,176.0,0.0
jan01,Kolara,14,9724.0,9.0,9418.0,130.0,0.0,176.0,0.0
jan02,Kolara,7,9731.0,10.0,9428.0,127.0,0.0,176.0,0.0
jan03,Kolara,4,9735.0,23.0,9451.0,108.0,0.0,176.0,0.0
jan04,Kolara,11,9746.0,26.0,9477.0,93.0,0.0,176.0,0.0
jan05,Kolara,14,9760.0,14.0,9491.0,93.0,0.0,176.0,0.0
jan06,Kolara,24,9784.0,10.0,9501.0,107.0,0.0,176.0,0.0
jan07,Kolara,16,9800.0,3.0,9504.0,119.0,1.0,177.0,0.0
jan08,Kolara,18,9818.0,19.0,9523.0,118.0,0.0,177.0,0.0
jan09,Kolara,52,9870.0,19.0,9542.0,151.0,0.0,177.0,0.0
jan10,Kolara,13,9883.0,14.0,9556.0,150.0,0.0,177.0,0.0
jan11,Kolara,4,9887.0,10.0,9566.0,144.0,0.0,177.0,0.0
jan12,Kolara,9,9896.0,14.0,9580.0,139.0,0.0,177.0,0.0
jan13,Kolara,5,9901.0,15.0,9595.0,129.0,0.0,177.0,0.0
jan14,Kolara,6,9907.0,17.0,9612.0,118.0,0.0,177.0,0.0
jan15,Kolara,8,9915.0,12.0,9624.0,114.0,0.0,177.0,0.0
jan16,Kolara,6,9921.0,12.0,9636.0,108.0,0.0,177.0,0.0
jan17,Kolara,2,9923.0,12.0,9648.0,98.0,0.0,177.0,0.0
jan18,Kolara,16,9939.0,17.0,9665.0,97.0,0.0,177.0,0.0
jan19,Kolara,8,9947.0,16.0,9681.0,89.0,0.0,177.0,0.0
jan20,Kolara,10,9957.0,11.0,9692.0,88.0,0.0,177.0,0.0
jan21,Kolara,10,9967.0,14.0,9706.0,84.0,0.0,177.0,0.0
jan22,Kolara,3,9970.0,9.0,9715.0,78.0,0.0,177.0,0.0
jan23,Kolara,4,9974.0,13.0,9728.0,69.0,0.0,177.0,0.0
jan24,Kolara,1,9975.0,4.0,9732.0,66.0,0.0,177.0,0.0
jan25,Kolara,2,9977.0,4.0,9736.0,64.0,0.0,177.0,0.0
jan26,Kolara,2,9979.0,5.0,9741.0,61.0,0.0,177.0,0.0
jan27,Kolara,4,9983.0,10.0,9751.0,55.0,0.0,177.0,0.0
jan28,Kolara,9,9992.0,9.0,9760.0,55.0,0.0,177.0,0.0
jan29,Kolara,1.0,9993.0,4.0,9764.0,52.0,0.0,177.0,0.0
jan30,Kolara,2,9995.0,6.0,9770.0,48.0,0.0,177.0,0.0
jan31,Kolara,4,9999.0,7.0,9777.0,45.0,0.0,177.0,0.0
feb01,Kolara,6,10005.0,6.0,9783.0,45.0,0.0,177.0,0.0
feb02,Kolara,3,10008.0,2.0,9785.0,46.0,0.0,177.0,0.0
feb03,Kolara,3.0,10011.0,4.0,9789.0,45.0,0.0,177.0,0.0
feb04,Kolara,5.0,10016.0,5.0,9794.0,45.0,0.0,177.0,0.0
feb05,Kolara,2.0,10018.0,5.0,9799.0,42.0,0.0,177.0,0.0
feb06,Kolara,1,10019.0,2.0,9801.0,41.0,0.0,177.0,0.0
feb07,Kolara,3,10022.0,2.0,9803.0,42.0,0.0,177.0,0.0
feb08,Kolara,11,10033.0,3.0,9806.0,50.0,0.0,177.0,0.0
feb09,Kolara,1,10034.0,6.0,9812.0,45.0,0.0,177.0,0.0
feb10,Kolara,2,10036.0,4.0,9816.0,43.0,0.0,177.0,0.0
feb11,Kolara,5.0,10041.0,7.0,9823.0,41.0,0.0,177.0,0.0
feb12,Kolara,6.0,10047.0,5.0,9828.0,42.0,0.0,177.0,0.0
feb13,Kolara,8,10055.0,4.0,9832.0,46.0,0.0,177.0,0.0
feb14,Kolara,9,10064.0,3.0,9835.0,52.0,0.0,177.0,0.0
feb15,Kolara,0,10064.0,7.0,9842.0,45.0,0.0,177.0,0.0
feb16,Kolara,2,10066.0,4.0,9846.0,43.0,0.0,177.0,0.0
feb17,Kolara,1.0,10067.0,3.0,9849.0,41.0,0.0,177.0,0.0
feb18,Kolara,2.0,10069.0,3.0,9852.0,40.0,0.0,177.0,0.0
feb19,Kolara,6,10075.0,4.0,9856.0,42.0,0.0,177.0,0.0
feb20,Kolara,17,10092.0,8.0,9864.0,51.0,0.0,177.0,0.0
feb21,Kolara,0,10092.0,7.0,9871.0,44.0,0.0,177.0,0.0
feb22,Kolara,4,10096.0,4.0,9875.0,44.0,0.0,177.0,0.0
feb23,Kolara,1,10097.0,4.0,9879.0,41.0,0.0,177.0,0.0
feb24,Kolara,4,10101.0,5.0,9884.0,40.0,0.0,177.0,0.0
feb25,Kolara,2,10103.0,4.0,9888.0,38.0,0.0,177.0,0.0
feb26,Kolara,4,10107.0,5.0,9893.0,37.0,0.0,177.0,0.0
feb27,Kolara,5,10112.0,3.0,9896.0,39.0,0.0,177.0,0.0
feb28,Kolara,7,10119.0,6.0,9902.0,40.0,0.0,177.0,0.0
