date,District_Name,Todays_Positives,Total_Positives,Todays_Discharges,Total_Discharges,Total_Active_Cases,Todays_Covid_Deaths,Total_Covid_Deaths,Non_Covid_Deaths
july01,Mandya,5.0,421.0,2.0,340.0,81.0,,0.0,0.0
july02,Mandya,19.0,440.0,12.0,352.0,88.0,,0.0,0.0
july03,Mandya,33.0,473.0,2.0,354.0,119.0,,0.0,0.0
july04,Mandya,35.0,508.0,0.0,354.0,154.0,,0.0,0.0
july05,Mandya,10.0,518.0,13.0,367.0,151.0,,0.0,0.0
july06,Mandya,39.0,557.0,0.0,367.0,190.0,,0.0,0.0
july07,Mandya,29.0,586.0,14.0,381.0,205.0,,0.0,0.0
july08,Mandya,20.0,606.0,0.0,381.0,225.0,,0.0,0.0
july10,Mandya,31.0,661.0,35.0,431.0,230.0,,0.0,0.0
july11,Mandya,23.0,684.0,32.0,463.0,221.0,,0.0,0.0
july12,Mandya,4.0,688.0,0.0,463.0,225.0,0.0,0.0,0.0
july13,Mandya,30.0,718.0,42.0,505.0,213.0,0.0,0.0,0.0
july14,Mandya,38.0,756.0,28.0,533.0,223.0,0.0,0.0,0.0
july15,Mandya,31.0,787.0,19.0,552.0,234.0,1.0,1.0,0.0
july16,Mandya,11.0,798.0,27.0,579.0,217.0,1.0,2.0,0.0
july17,Mandya,22.0,820.0,0.0,579.0,237.0,2.0,4.0,0.0
july19,Mandya,7.0,869.0,30.0,609.0,253.0,2.0,7.0,0.0
july20,Mandya,41.0,910.0,0.0,609.0,294.0,0.0,7.0,0.0
july21,Mandya,13.0,923.0,86.0,695.0,221.0,0.0,7.0,0.0
july22,Mandya,37.0,960.0,0.0,695.0,258.0,0.0,7.0,0.0
july23,Mandya,50.0,1010.0,5.0,700.0,301.0,2.0,9.0,0.0
july24,Mandya,57.0,1067.0,39.0,739.0,319.0,0.0,9.0,0.0
july25,Mandya,60.0,1127.0,44.0,783.0,335.0,0.0,9.0,0.0
july26,Mandya,64.0,1191.0,25.0,808.0,373.0,1.0,10.0,0.0
july27,Mandya,56.0,1247.0,0.0,808.0,429.0,0.0,10.0,0.0
july28,Mandya,96.0,1343.0,56.0,864.0,469.0,0.0,10.0,0.0
july29,Mandya,70.0,1413.0,0.0,864.0,539.0,0.0,10.0,0.0
july30,Mandya,87.0,1500.0,50.0,914.0,576.0,0.0,10.0,0.0
july31,Mandya,65.0,1565.0,42.0,956.0,599.0,0.0,10.0,0.0
aug01,Mandya,95.0,1660.0,27.0,983.0,666.0,1.0,11.0,0.0
aug02,Mandya,97.0,1757.0,26.0,1009.0,734.0,3.0,14.0,0.0
aug03,Mandya,152.0,1909.0,44.0,1053.0,842.0,0.0,14.0,0.0
aug04,Mandya,126.0,2035.0,40.0,1093.0,926.0,2.0,16.0,0.0
aug05,Mandya,123.0,2158.0,90.0,1183.0,956.0,3.0,19.0,0.0
aug06,Mandya,134.0,2292.0,63.0,1246.0,1026.0,1.0,20.0,0.0
aug07,Mandya,102.0,2394.0,19.0,1265.0,1109.0,0.0,20.0,0.0
aug08,Mandya,101.0,2495.0,50.0,1315.0,1159.0,1.0,21.0,0.0
aug09,Mandya,63.0,2558.0,34.0,1349.0,1187.0,1.0,22.0,0.0
aug10,Mandya,66.0,2624.0,0.0,1349.0,1251.0,2.0,24.0,0.0
aug11,Mandya,141.0,2765.0,37.0,1386.0,1353.0,2.0,26.0,0.0
aug12,Mandya,121.0,2886.0,135.0,1521.0,1336.0,3.0,29.0,0.0
aug13,Mandya,130.0,3016.0,169.0,1690.0,1295.0,2.0,31.0,0.0
aug14,Mandya,163.0,3179.0,65.0,1755.0,1392.0,1.0,32.0,0.0
aug15,Mandya,84.0,3263.0,36.0,1791.0,1439.0,1.0,33.0,0.0
aug16,Mandya,91.0,3354.0,109.0,1900.0,1418.0,3.0,36.0,0.0
aug17,Mandya,26.0,3380.0,82.0,1982.0,1361.0,1.0,37.0,0.0
aug18,Mandya,174.0,3554.0,130.0,2112.0,1403.0,2.0,39.0,0.0
aug19,Mandya,185.0,3739.0,81.0,2193.0,1507.0,0.0,39.0,0.0
aug20,Mandya,109.0,3848.0,93.0,2286.0,1523.0,0.0,39.0,0.0
aug21,Mandya,99.0,3947.0,64.0,2350.0,1557.0,1.0,40.0,0.0
aug22,Mandya,146.0,4093.0,72.0,2422.0,1629.0,2.0,42.0,0.0
aug23,Mandya,51.0,4144.0,139.0,2561.0,1539.0,2.0,44.0,0.0
aug24,Mandya,82.0,4226.0,86.0,2647.0,1534.0,1.0,45.0,0.0
aug25,Mandya,153,4379.0,137.0,2784.0,1548.0,2.0,47.0,0.0
aug26,Mandya,155.0,4534.0,210.0,2994.0,1491.0,2.0,49.0,0.0
aug27,Mandya,197.0,4731.0,254.0,3248.0,1432.0,2.0,51.0,0.0
aug28,Mandya,188.0,4919.0,86.0,3334.0,1532.0,2.0,53.0,0.0
aug29,Mandya,194.0,5113.0,223.0,3557.0,1500.0,3.0,56.0,0.0
aug30,Mandya,179.0,5292.0,117.0,3674.0,1560.0,2.0,58.0,0.0
aug31,Mandya,159.0,5451.0,61.0,3735.0,1654.0,4.0,62.0,0.0
sep01,Mandya,197.0,5648.0,100.0,3835.0,1750.0,1.0,63.0,0.0
sep02,Mandya,245.0,5893.0,154.0,3989.0,1839.0,2.0,65.0,0.0
sep03,Mandya,239.0,6132.0,50.0,4039.0,2028.0,0.0,65.0,0.0
sep04,Mandya,168.0,6300.0,103.0,4142.0,2092.0,1.0,66.0,0.0
sep06,Mandya,230.0,6776.0,49.0,4482.0,2223.0,1.0,71.0,0.0
sep07,Mandya,169.0,6945.0,166.0,4651.0,2222.0,1.0,72.0,0.0
sep08,Mandya,273.0,7218.0,410.0,5061.0,2081.0,4.0,76.0,0.0
sep09,Mandya,224,7442.0,127.0,5188.0,2175.0,3.0,79.0,0.0
sep10,Mandya,249,7691.0,251.0,5439.0,2170.0,3.0,82.0,0.0
sep11,Mandya,131.0,7822.0,105.0,5544.0,2192.0,4.0,86.0,0.0
sep12,Mandya,193.0,8015.0,170.0,5714.0,2215.0,0.0,86.0,0.0
sep13,Mandya,246.0,8261.0,277.0,5991.0,2184.0,0.0,86.0,0.0
sep14,Mandya,109.0,8370.0,180.0,6171.0,2112.0,1.0,87.0,0.0
sep15,Mandya,200.0,8570.0,360.0,6531.0,1952.0,0.0,87.0,0.0
sep16,Mandya,182.0,8752.0,0.0,6531.0,2133.0,0.0,88.0,0.0
sep17,Mandya,86.0,8838.0,0.0,6531.0,2219.0,0.0,88.0,0.0
sep18,Mandya,69.0,8907.0,381.0,6912.0,1905.0,2.0,90.0,0.0
sep19,Mandya,94.0,9001.0,412.0,7324.0,1585.0,2.0,92.0,0.0
sep20,Mandya,165.0,9166.0,53.0,7377.0,1696.0,1.0,93.0,0.0
sep21,Mandya,102.0,9268.0,424.0,7801.0,1372.0,2.0,95.0,0.0
sep22,Mandya,134.0,9402.0,54.0,7855.0,1451.0,1.0,96.0,0.0
sep23,Mandya,203.0,9605.0,23.0,7878.0,1631.0,0.0,96.0,0.0
sep24,Mandya,86.0,9691.0,314.0,8192.0,1402.0,1.0,97.0,0.0
sep25,Mandya,111.0,9802.0,96.0,8288.0,1416.0,1.0,98.0,0.0
sep26,Mandya,255.0,10057.0,103.0,8391.0,1567.0,1.0,99.0,0.0
sep27,Mandya,276.0,10333.0,65.0,8456.0,1777.0,1.0,100.0,0.0
sep28,Mandya,209.0,10542.0,79.0,8535.0,1907.0,0.0,100.0,0.0
sep29,Mandya,259.0,10801.0,55.0,8590.0,2109.0,2.0,102.0,0.0
sep30,Mandya,244.0,11045.0,260.0,8850.0,2091.0,2.0,104.0,0.0
oct01,Mandya,266,11311.0,376.0,9226.0,1979.0,2.0,106.0,0.0
oct02,Mandya,257,11568.0,281.0,9507.0,1953.0,2.0,108.0,0.0
oct03,Mandya,206,11774.0,237.0,9744.0,1920.0,2.0,110.0,0.0
oct04,Mandya,233,12007.0,142.0,9886.0,2009.0,2.0,112.0,0.0
oct05,Mandya,227,12234.0,327.0,10213.0,1907.0,2.0,114.0,0.0
oct06,Mandya,197,12431.0,318.0,10531.0,1785.0,1.0,115.0,0.0
oct07,Mandya,207,12638.0,141.0,10672.0,1851.0,0.0,115.0,0.0
oct08,Mandya,206,12844.0,301.0,10973.0,1754.0,2.0,117.0,0.0
oct09,Mandya,250,13094.0,248.0,11221.0,1755.0,1.0,118.0,0.0
oct10,Mandya,248,13342.0,277.0,11498.0,1725.0,1.0,119.0,0.0
oct11,Mandya,267,13609.0,192.0,11690.0,1799.0,1.0,120.0,0.0
oct12,Mandya,124,13733.0,184.0,11874.0,1737.0,2.0,122.0,0.0
oct13,Mandya,215,13948.0,119.0,11993.0,1831.0,2.0,124.0,0.0
oct14,Mandya,212,14160.0,172.0,12165.0,1869.0,2.0,126.0,0.0
oct15,Mandya,230,14390.0,215.0,12380.0,1882.0,2.0,128.0,0.0
oct16,Mandya,246,14636.0,241.0,12621.0,1885.0,2.0,130.0,0.0
oct17,Mandya,192,14828.0,240.0,12861.0,1834.0,3.0,133.0,0.0
oct18,Mandya,308,15136.0,234.0,13095.0,1907.0,1.0,134.0,0.0
oct19,Mandya,130,15266.0,244.0,13339.0,1791.0,2.0,136.0,0.0
oct20,Mandya,108,15374.0,211.0,13550.0,1688.0,0.0,136.0,0.0
oct21,Mandya,208,15582.0,104.0,13654.0,1792.0,0.0,136.0,0.0
oct22,Mandya,191,15773.0,339.0,13993.0,1643.0,1.0,137.0,0.0
oct24,Mandya,163,16104.0,214.0,14418.0,1548.0,0.0,138.0,0.0
oct25,Mandya,86,16190.0,99.0,14517.0,1534.0,1.0,139.0,0.0
oct26,Mandya,56,16246.0,289.0,14806.0,1300.0,1.0,140.0,0.0
oct27,Mandya,123,16369.0,276.0,15082.0,1147.0,0.0,140.0,0.0
oct28,Mandya,79,16448.0,89.0,15171.0,1137.0,0.0,140.0,0.0
oct29,Mandya,115,16563.0,256.0,15427.0,996.0,0.0,140.0,0.0
oct30,Mandya,125,16688.0,143.0,15570.0,977.0,1.0,141.0,0.0
oct31,Mandya,89,16777.0,165.0,15735.0,901.0,0.0,141.0,0.0
dec01,Mandya,40,18604.0,55.0,18186.0,272.0,0.0,146.0,0.0
dec02,Mandya,52,18656.0,44.0,18230.0,280.0,0.0,146.0,0.0
dec03,Mandya,75,18731.0,24.0,18254.0,331.0,0.0,146.0,0.0
dec04,Mandya,53,18784.0,32.0,18286.0,352.0,0.0,146.0,0.0
dec05,Mandya,24,18808.0,17.0,18303.0,358.0,1.0,147.0,0.0
dec06,Mandya,41,18849.0,25.0,18328.0,374.0,0.0,147.0,0.0
dec07,Mandya,20,18869.0,48.0,18376.0,346.0,0.0,147.0,0.0
dec08,Mandya,18,18887.0,32.0,18408.0,332.0,0.0,147.0,0.0
dec09,Mandya,40,18927.0,20.0,18428.0,352.0,0.0,147.0,0.0
dec10,Mandya,46,18973.0,47.0,18475.0,351.0,0.0,147.0,0.0
dec11,Mandya,26,18999.0,73.0,18548.0,304.0,0.0,147.0,0.0
dec12,Mandya,25,19024.0,63.0,18611.0,266.0,0.0,147.0,0.0
dec13,Mandya,15,19039.0,27.0,18638.0,254.0,0.0,147.0,0.0
dec14,Mandya,21,19060.0,45.0,18683.0,230.0,0.0,147.0,0.0
dec15,Mandya,19,19079.0,30.0,18713.0,219.0,0.0,147.0,0.0
dec16,Mandya,32,19111.0,23.0,18736.0,228.0,0.0,147.0,0.0
dec17,Mandya,31,19142.0,31.0,18767.0,228.0,0.0,147.0,0.0
dec18,Mandya,29,19171.0,37.0,18804.0,220.0,0.0,147.0,0.0
dec19,Mandya,30,19201.0,41.0,18845.0,209.0,0.0,147.0,0.0
dec20,Mandya,34,19235.0,31.0,18876.0,212.0,0.0,147.0,0.0
dec21,Mandya,24,19259.0,23.0,18899.0,213.0,0.0,147.0,0.0
dec22,Mandya,10,19269.0,14.0,18913.0,209.0,0.0,147.0,0.0
dec23,Mandya,15,19284.0,15.0,18928.0,209.0,0.0,147.0,0.0
dec24,Mandya,16,19300.0,23.0,18951.0,202.0,0.0,147.0,0.0
dec25,Mandya,24,19324.0,38.0,18989.0,188.0,0.0,147.0,0.0
dec26,Mandya,17,19341.0,37.0,19026.0,168.0,0.0,147.0,0.0
dec27,Mandya,19,19360.0,28.0,19054.0,159.0,0.0,147.0,0.0
dec28,Mandya,26,19386.0,30.0,19084.0,155.0,0.0,147.0,0.0
dec29,Mandya,14,19400.0,20.0,19104.0,149.0,0.0,147.0,0.0
dec30,Mandya,18,19418.0,13.0,19117.0,154.0,0.0,147.0,0.0
dec31,Mandya,14,19432.0,21.0,19138.0,147.0,0.0,147.0,0.0
jan01,Mandya,13,19445.0,6.0,19144.0,154.0,0.0,147.0,0.0
jan02,Mandya,15,19460.0,18.0,19162.0,151.0,0.0,147.0,0.0
jan03,Mandya,11,19471.0,23.0,19185.0,139.0,0.0,147.0,0.0
jan04,Mandya,9,19480.0,17.0,19202.0,131.0,0.0,147.0,0.0
jan05,Mandya,8,19488.0,20.0,19222.0,119.0,0.0,147.0,0.0
jan06,Mandya,13,19501.0,16.0,19238.0,116.0,0.0,147.0,0.0
jan07,Mandya,7,19508.0,23.0,19261.0,100.0,0.0,147.0,0.0
jan08,Mandya,26,19534.0,12.0,19273.0,114.0,0.0,147.0,0.0
jan09,Mandya,6,19540.0,18.0,19291.0,102.0,0.0,147.0,0.0
jan10,Mandya,3,19543.0,17.0,19308.0,88.0,0.0,147.0,0.0
jan11,Mandya,4,19547.0,15.0,19323.0,77.0,0.0,147.0,0.0
jan12,Mandya,13,19560.0,12.0,19335.0,78.0,0.0,147.0,0.0
jan13,Mandya,2,19562.0,3.0,19338.0,77.0,0.0,147.0,0.0
jan14,Mandya,2,19564.0,12.0,19350.0,67.0,0.0,147.0,0.0
jan15,Mandya,7,19571.0,18.0,19368.0,56.0,0.0,147.0,0.0
jan16,Mandya,10,19581.0,19.0,19387.0,46.0,1.0,148.0,0.0
jan17,Mandya,5,19586.0,7.0,19394.0,44.0,0.0,148.0,0.0
jan18,Mandya,5,19591.0,3.0,19397.0,46.0,0.0,148.0,0.0
jan19,Mandya,15,19606.0,8.0,19405.0,52.0,1.0,149.0,0.0
jan20,Mandya,7,19613.0,4.0,19409.0,54.0,1.0,150.0,0.0
jan21,Mandya,6,19619.0,8.0,19417.0,52.0,0.0,150.0,0.0
jan22,Mandya,3,19622.0,7.0,19424.0,48.0,0.0,150.0,0.0
jan23,Mandya,9,19631.0,6.0,19430.0,51.0,0.0,150.0,0.0
jan24,Mandya,5,19636.0,5.0,19435.0,51.0,0.0,150.0,0.0
jan25,Mandya,3,19639.0,9.0,19444.0,45.0,0.0,150.0,0.0
jan26,Mandya,8,19647.0,4.0,19448.0,49.0,0.0,150.0,0.0
jan27,Mandya,8,19655.0,2.0,19450.0,55.0,0.0,150.0,0.0
jan28,Mandya,4,19659.0,10.0,19460.0,49.0,0.0,150.0,0.0
jan29,Mandya,1.0,19660.0,7.0,19467.0,42.0,1.0,151.0,0.0
jan30,Mandya,1,19661.0,6.0,19473.0,37.0,0.0,151.0,0.0
jan31,Mandya,3,19664.0,5.0,19478.0,35.0,0.0,151.0,0.0
feb01,Mandya,6,19670.0,5.0,19483.0,36.0,0.0,151.0,0.0
feb02,Mandya,3,19673.0,4.0,19487.0,35.0,0.0,151.0,0.0
feb03,Mandya,7.0,19680.0,7.0,19494.0,35.0,0.0,151.0,0.0
feb04,Mandya,1.0,19681.0,5.0,19499.0,31.0,0.0,151.0,0.0
feb05,Mandya,7.0,19688.0,5.0,19504.0,33.0,0.0,151.0,0.0
feb06,Mandya,3,19691.0,4.0,19508.0,32.0,0.0,151.0,0.0
feb07,Mandya,4,19695.0,1.0,19509.0,35.0,0.0,151.0,0.0
feb08,Mandya,6,19701.0,2.0,19511.0,39.0,0.0,151.0,0.0
feb09,Mandya,1,19702.0,5.0,19516.0,35.0,0.0,151.0,0.0
feb10,Mandya,2,19704.0,5.0,19521.0,32.0,0.0,151.0,0.0
feb11,Mandya,6.0,19710.0,9.0,19530.0,29.0,0.0,151.0,0.0
feb12,Mandya,9.0,19719.0,4.0,19534.0,34.0,0.0,151.0,0.0
feb13,Mandya,2,19721.0,3.0,19537.0,33.0,0.0,151.0,0.0
feb14,Mandya,10,19731.0,8.0,19545.0,35.0,0.0,151.0,0.0
feb15,Mandya,19,19750.0,4.0,19549.0,50.0,0.0,151.0,0.0
feb16,Mandya,1,19751.0,11.0,19560.0,40.0,0.0,151.0,0.0
feb17,Mandya,3.0,19754.0,1.0,19561.0,42.0,0.0,151.0,0.0
feb18,Mandya,6.0,19760.0,2.0,19563.0,46.0,0.0,151.0,0.0
feb19,Mandya,4,19764.0,2.0,19565.0,48.0,0.0,151.0,0.0
feb20,Mandya,3,19767.0,8.0,19573.0,43.0,0.0,151.0,0.0
feb21,Mandya,1,19768.0,5.0,19578.0,39.0,0.0,151.0,0.0
feb22,Mandya,4,19772.0,12.0,19590.0,31.0,0.0,151.0,0.0
feb23,Mandya,2,19774.0,4.0,19594.0,29.0,0.0,151.0,0.0
feb24,Mandya,5,19779.0,3.0,19597.0,31.0,0.0,151.0,0.0
feb25,Mandya,4,19783.0,3.0,19600.0,31.0,1.0,152.0,0.0
feb26,Mandya,3,19786.0,5.0,19605.0,29.0,0.0,152.0,0.0
feb27,Mandya,4,19790.0,5.0,19610.0,28.0,0.0,152.0,0.0
feb28,Mandya,1,19791.0,3.0,19613.0,26.0,0.0,152.0,0.0
