date,District_Name,Todays_Positives,Total_Positives,Todays_Discharges,Total_Discharges,Total_Active_Cases,Todays_Covid_Deaths,Total_Covid_Deaths,Non_Covid_Deaths
july01,Mysuru,0.0,268.0,13.0,189.0,76.0,,3.0,0.0
july02,Mysuru,68.0,336.0,8.0,197.0,135.0,,4.0,0.0
july03,Mysuru,35.0,371.0,20.0,217.0,150.0,,4.0,0.0
july04,Mysuru,38.0,409.0,21.0,238.0,167.0,,4.0,0.0
july05,Mysuru,25.0,434.0,12.0,250.0,179.0,,5.0,0.0
july06,Mysuru,45.0,479.0,21.0,271.0,200.0,,8.0,0.0
july07,Mysuru,49.0,528.0,35.0,306.0,210.0,,12.0,0.0
july08,Mysuru,59.0,587.0,18.0,324.0,249.0,,14.0,0.0
july10,Mysuru,51.0,690.0,25.0,363.0,307.0,,20.0,0.0
july11,Mysuru,83.0,773.0,22.0,385.0,360.0,,28.0,0.0
july12,Mysuru,42.0,815.0,43.0,428.0,356.0,3.0,31.0,0.0
july13,Mysuru,151.0,966.0,54.0,482.0,447.0,6.0,37.0,0.0
july14,Mysuru,125.0,1091.0,16.0,498.0,552.0,4.0,41.0,0.0
july15,Mysuru,99.0,1190.0,5.0,503.0,640.0,6.0,47.0,0.0
july16,Mysuru,130.0,1320.0,28.0,531.0,739.0,3.0,50.0,0.0
july17,Mysuru,93.0,1413.0,20.0,551.0,805.0,7.0,57.0,0.0
july19,Mysuru,110.0,1624.0,23.0,598.0,956.0,11.0,70.0,0.0
july20,Mysuru,149.0,1773.0,27.0,625.0,1073.0,5.0,75.0,0.0
july21,Mysuru,135.0,1908.0,49.0,674.0,1154.0,5.0,80.0,0.0
july22,Mysuru,145.0,2053.0,19.0,693.0,1275.0,5.0,85.0,0.0
july23,Mysuru,116.0,2169.0,38.0,731.0,1345.0,8.0,93.0,0.0
july24,Mysuru,281.0,2450.0,18.0,749.0,1602.0,6.0,99.0,0.0
july25,Mysuru,187.0,2637.0,59.0,808.0,1722.0,8.0,107.0,0.0
july26,Mysuru,230.0,2867.0,15.0,823.0,1932.0,5.0,112.0,0.0
july27,Mysuru,296.0,3163.0,73.0,896.0,2152.0,3.0,115.0,0.0
july28,Mysuru,220.0,3383.0,115.0,1011.0,2249.0,8.0,123.0,0.0
july29,Mysuru,200.0,3583.0,134.0,1145.0,2310.0,5.0,128.0,0.0
july30,Mysuru,430.0,4013.0,70.0,1215.0,2661.0,9.0,137.0,0.0
july31,Mysuru,204.0,4217.0,302.0,1517.0,2558.0,5.0,142.0,0.0
aug01,Mysuru,365.0,4582.0,74.0,1591.0,2840.0,9.0,151.0,0.0
aug02,Mysuru,238.0,4820.0,101.0,1692.0,2967.0,10.0,161.0,0.0
aug03,Mysuru,372.0,5192.0,374.0,2066.0,2952.0,13.0,174.0,0.0
aug04,Mysuru,662.0,5854.0,164.0,2230.0,3441.0,9.0,183.0,0.0
aug05,Mysuru,261.0,6115.0,112.0,2342.0,3579.0,11.0,194.0,0.0
aug06,Mysuru,361.0,6476.0,152.0,2494.0,3784.0,4.0,198.0,0.0
aug07,Mysuru,242.0,6718.0,168.0,2662.0,3843.0,15.0,213.0,0.0
aug08,Mysuru,138.0,6856.0,85.0,2747.0,3886.0,10.0,223.0,0.0
aug09,Mysuru,455.0,7311.0,461.0,3208.0,3868.0,12.0,235.0,0.0
aug10,Mysuru,374.0,7685.0,258.0,3466.0,3979.0,5.0,240.0,0.0
aug11,Mysuru,238.0,7923.0,647.0,4113.0,3559.0,11.0,251.0,0.0
aug12,Mysuru,544.0,8467.0,668.0,4781.0,3424.0,11.0,262.0,0.0
aug13,Mysuru,522.0,8989.0,637.0,5418.0,3297.0,12.0,274.0,0.0
aug14,Mysuru,291.0,9280.0,412.0,5830.0,3166.0,10.0,284.0,0.0
aug15,Mysuru,635.0,9915.0,259.0,6089.0,3532.0,10.0,294.0,0.0
aug16,Mysuru,620.0,10535.0,386.0,6475.0,3756.0,10.0,304.0,0.0
aug17,Mysuru,597.0,11132.0,289.0,6764.0,4059.0,5.0,309.0,0.0
aug18,Mysuru,357.0,11489.0,298.0,7062.0,4112.0,6.0,315.0,0.0
aug19,Mysuru,562.0,12051.0,240.0,7302.0,4429.0,5.0,320.0,0.0
aug20,Mysuru,253.0,12304.0,0.0,7302.0,4682.0,0.0,320.0,0.0
aug21,Mysuru,0.0,12304.0,0.0,7302.0,4682.0,0.0,320.0,0.0
aug22,Mysuru,0.0,12304.0,0.0,7302.0,4682.0,0.0,320.0,0.0
aug23,Mysuru,92.0,12396.0,0.0,7302.0,4774.0,0.0,320.0,0.0
aug24,Mysuru,202.0,12598.0,2240.0,9542.0,2711.0,25.0,345.0,0.0
aug25,Mysuru,1331#,13929.0,469.0,10011.0,3557.0,16.0,361.0,0.0
aug26,Mysuru,951.0,14880.0,645.0,10656.0,3843.0,20.0,381.0,0.0
aug27,Mysuru,895.0,15775.0,449.0,11105.0,4271.0,18.0,399.0,0.0
aug28,Mysuru,726.0,16501.0,479.0,11584.0,4501.0,17.0,416.0,0.0
aug29,Mysuru,309.0,16810.0,546.0,12130.0,4253.0,11.0,427.0,0.0
aug30,Mysuru,734.0,17544.0,255.0,12385.0,4721.0,11.0,438.0,0.0
aug31,Mysuru,405.0,17949.0,368.0,12753.0,4752.0,6.0,444.0,0.0
sep01,Mysuru,737.0,18686.0,178.0,12931.0,5299.0,12.0,456.0,0.0
sep02,Mysuru,667.0,19353.0,161.0,13092.0,5794.0,11.0,467.0,0.0
sep03,Mysuru,475.0,19828.0,237.0,13329.0,6024.0,8.0,475.0,0.0
sep04,Mysuru,776.0,20604.0,317.0,13646.0,6472.0,11.0,486.0,0.0
sep06,Mysuru,686.0,22080.0,435.0,14499.0,7078.0,5.0,503.0,0.0
sep07,Mysuru,221.0,22301.0,199.0,14695.0,7094.0,9.0,512.0,0.0
sep08,Mysuru,337.0,22638.0,739.0,15434.0,6681.0,11.0,523.0,0.0
sep09,Mysuru,500,23138.0,475.0,15909.0,6693.0,13.0,536.0,0.0
sep10,Mysuru,635,23773.0,499.0,16408.0,6816.0,13.0,549.0,0.0
sep11,Mysuru,676.0,24449.0,517.0,16925.0,6962.0,13.0,562.0,0.0
sep12,Mysuru,637.0,25086.0,565.0,17490.0,7020.0,14.0,576.0,0.0
sep13,Mysuru,665.0,25751.0,668.0,18158.0,7002.0,15.0,591.0,0.0
sep14,Mysuru,677.0,26428.0,945.0,19103.0,6722.0,12.0,603.0,0.0
sep15,Mysuru,312.0,26740.0,476.0,19579.0,6546.0,12.0,615.0,0.0
sep16,Mysuru,748.0,27486.0,1285.0,20864.0,5989.0,17.0,633.0,0.0
sep17,Mysuru,591.0,28077.0,667.0,21531.0,5896.0,17.0,650.0,0.0
sep18,Mysuru,600.0,28677.0,883.0,22414.0,5596.0,17.0,667.0,0.0
sep19,Mysuru,626.0,29303.0,1018.0,23432.0,5192.0,12.0,679.0,0.0
sep20,Mysuru,481.0,29784.0,1050.0,24482.0,4611.0,12.0,691.0,0.0
sep21,Mysuru,524.0,30308.0,633.0,25115.0,4487.0,15.0,706.0,0.0
sep22,Mysuru,443.0,30751.0,936.0,26051.0,3985.0,9.0,715.0,0.0
sep23,Mysuru,341.0,31092.0,0.0,26051.0,4326.0,0.0,715.0,0.0
sep24,Mysuru,481.0,31573.0,0.0,26051.0,4807.0,0.0,715.0,0.0
sep25,Mysuru,702.0,32275.0,10.0,26061.0,5499.0,0.0,715.0,0.0
sep26,Mysuru,73.0,32348.0,20.0,26081.0,5546.0,6.0,721.0,0.0
sep27,Mysuru,952.0,33300.0,20.0,26101.0,6477.0,1.0,722.0,0.0
sep28,Mysuru,240.0,33540.0,20.0,26121.0,6695.0,2.0,724.0,0.0
sep29,Mysuru,414.0,33954.0,350.0,26471.0,6752.0,7.0,731.0,0.0
sep30,Mysuru,564.0,34518.0,200.0,26671.0,7110.0,6.0,737.0,0.0
oct01,Mysuru,101,34619.0,722.0,27393.0,6464.0,25.0,762.0,0.0
oct02,Mysuru,158,34777.0,213.0,27606.0,6391.0,18.0,780.0,0.0
oct03,Mysuru,1514,36291.0,859.0,28465.0,7028.0,18.0,798.0,0.0
oct04,Mysuru,1037,37328.0,316.0,28781.0,7737.0,12.0,810.0,0.0
oct05,Mysuru,910,38238.0,427.0,29208.0,8212.0,8.0,818.0,0.0
oct06,Mysuru,373,38611.0,1169.0,30377.0,7403.0,13.0,831.0,0.0
oct07,Mysuru,979,39590.0,1317.0,31694.0,7056.0,9.0,840.0,0.0
oct08,Mysuru,642,40232.0,563.0,32257.0,7123.0,12.0,852.0,0.0
oct09,Mysuru,826,41058.0,472.0,32729.0,7467.0,10.0,862.0,0.0
oct10,Mysuru,465,41523.0,569.0,33298.0,7350.0,13.0,875.0,0.0
oct11,Mysuru,541,42064.0,331.0,33629.0,7549.0,11.0,886.0,0.0
oct12,Mysuru,309,42373.0,728.0,34357.0,7123.0,7.0,893.0,0.0
oct13,Mysuru,416,42789.0,693.0,35050.0,6843.0,3.0,896.0,0.0
oct14,Mysuru,641,43430.0,678.0,35728.0,6795.0,11.0,907.0,0.0
oct15,Mysuru,303,43733.0,116.0,35844.0,6980.0,2.0,909.0,0.0
oct16,Mysuru,404,44137.0,261.0,36105.0,7120.0,3.0,912.0,0.0
oct17,Mysuru,501,44638.0,365.0,36470.0,7246.0,10.0,922.0,0.0
oct18,Mysuru,404,45042.0,353.0,36823.0,7296.0,1.0,923.0,0.0
oct19,Mysuru,151,45193.0,496.0,37319.0,6947.0,4.0,927.0,0.0
oct20,Mysuru,451,45644.0,1420.0,38739.0,5976.0,2.0,929.0,0.0
oct21,Mysuru,220,45864.0,1147.0,39886.0,5046.0,3.0,932.0,0.0
oct22,Mysuru,308,46172.0,1352.0,41238.0,3998.0,4.0,936.0,0.0
oct24,Mysuru,173,46565.0,830.0,42962.0,2658.0,6.0,945.0,0.0
oct25,Mysuru,140,46705.0,366.0,43328.0,2430.0,2.0,947.0,0.0
oct26,Mysuru,139,46844.0,410.0,43738.0,2157.0,2.0,949.0,0.0
oct27,Mysuru,188,47032.0,288.0,44026.0,2055.0,2.0,951.0,0.0
oct28,Mysuru,169,47201.0,149.0,44175.0,2073.0,2.0,953.0,0.0
oct29,Mysuru,204,47405.0,375.0,44550.0,1900.0,2.0,955.0,0.0
oct30,Mysuru,118,47523.0,236.0,44786.0,1781.0,1.0,956.0,0.0
oct31,Mysuru,161,47684.0,307.0,45093.0,1633.0,2.0,958.0,0.0
dec01,Mysuru,51,50731.0,75.0,49401.0,330.0,1.0,1000.0,0.0
dec02,Mysuru,64,50795.0,77.0,49478.0,317.0,0.0,1000.0,0.0
dec03,Mysuru,53,50848.0,89.0,49567.0,280.0,1.0,1001.0,0.0
dec04,Mysuru,74,50922.0,23.0,49590.0,331.0,0.0,1001.0,0.0
dec05,Mysuru,55,50977.0,31.0,49621.0,355.0,0.0,1001.0,0.0
dec06,Mysuru,68,51045.0,82.0,49703.0,341.0,0.0,1001.0,0.0
dec07,Mysuru,34,51079.0,59.0,49762.0,316.0,0.0,1001.0,0.0
dec08,Mysuru,65,51144.0,47.0,49809.0,333.0,1.0,1002.0,0.0
dec09,Mysuru,71,51215.0,73.0,49882.0,330.0,1.0,1003.0,0.0
dec10,Mysuru,53,51268.0,27.0,49909.0,356.0,0.0,1003.0,0.0
dec11,Mysuru,44,51312.0,44.0,49953.0,356.0,0.0,1003.0,0.0
dec12,Mysuru,59,51371.0,39.0,49992.0,376.0,0.0,1003.0,0.0
dec13,Mysuru,42,51413.0,37.0,50029.0,380.0,1.0,1004.0,0.0
dec14,Mysuru,56,51469.0,56.0,50085.0,378.0,2.0,1006.0,0.0
dec15,Mysuru,35,51504.0,64.0,50149.0,349.0,0.0,1006.0,0.0
dec16,Mysuru,47,51551.0,47.0,50196.0,349.0,0.0,1006.0,0.0
dec17,Mysuru,54,51605.0,90.0,50286.0,313.0,0.0,1006.0,0.0
dec18,Mysuru,61,51666.0,39.0,50325.0,335.0,0.0,1006.0,0.0
dec19,Mysuru,66,51732.0,16.0,50341.0,385.0,0.0,1006.0,0.0
dec20,Mysuru,75,51807.0,32.0,50373.0,428.0,0.0,1006.0,0.0
dec21,Mysuru,40,51847.0,53.0,50426.0,415.0,0.0,1006.0,0.0
dec22,Mysuru,67,51914.0,38.0,50464.0,444.0,0.0,1006.0,0.0
dec23,Mysuru,43,51957.0,41.0,50505.0,444.0,2.0,1008.0,0.0
dec24,Mysuru,88,52045.0,40.0,50545.0,492.0,0.0,1008.0,0.0
dec25,Mysuru,79,52124.0,32.0,50577.0,539.0,0.0,1008.0,0.0
dec26,Mysuru,62,52186.0,53.0,50630.0,548.0,0.0,1008.0,0.0
dec27,Mysuru,40,52226.0,54.0,50684.0,532.0,2.0,1010.0,0.0
dec28,Mysuru,63,52289.0,88.0,50772.0,507.0,0.0,1010.0,0.0
dec29,Mysuru,23,52312.0,40.0,50812.0,488.0,2.0,1012.0,0.0
dec30,Mysuru,34,52346.0,75.0,50887.0,446.0,1.0,1013.0,0.0
dec31,Mysuru,48,52394.0,50.0,50937.0,442.0,2.0,1015.0,0.0
jan01,Mysuru,26,52420.0,73.0,51010.0,395.0,0.0,1015.0,0.0
jan02,Mysuru,78,52498.0,84.0,51094.0,389.0,0.0,1015.0,0.0
jan03,Mysuru,43,52541.0,67.0,51161.0,363.0,2.0,1017.0,0.0
jan04,Mysuru,20,52561.0,73.0,51234.0,310.0,0.0,1017.0,0.0
jan05,Mysuru,57,52618.0,34.0,51268.0,333.0,0.0,1017.0,0.0
jan06,Mysuru,22,52640.0,37.0,51305.0,318.0,0.0,1017.0,0.0
jan07,Mysuru,45,52685.0,34.0,51339.0,329.0,0.0,1017.0,0.0
jan08,Mysuru,45,52730.0,61.0,51400.0,313.0,0.0,1017.0,0.0
jan09,Mysuru,42,52772.0,43.0,51443.0,311.0,1.0,1018.0,0.0
jan10,Mysuru,20,52792.0,38.0,51481.0,292.0,1.0,1019.0,0.0
jan11,Mysuru,36,52828.0,38.0,51519.0,289.0,1.0,1020.0,0.0
jan12,Mysuru,35,52863.0,23.0,51542.0,301.0,0.0,1020.0,0.0
jan13,Mysuru,31,52894.0,54.0,51596.0,278.0,0.0,1020.0,0.0
jan14,Mysuru,23,52917.0,23.0,51619.0,278.0,0.0,1020.0,0.0
jan15,Mysuru,37,52954.0,35.0,51654.0,280.0,0.0,1020.0,0.0
jan16,Mysuru,36,52990.0,42.0,51696.0,274.0,0.0,1020.0,0.0
jan17,Mysuru,14,53004.0,44.0,51740.0,242.0,2.0,1022.0,0.0
jan18,Mysuru,35,53039.0,33.0,51773.0,244.0,0.0,1022.0,0.0
jan19,Mysuru,34,53073.0,36.0,51809.0,242.0,0.0,1022.0,0.0
jan20,Mysuru,24,53097.0,43.0,51852.0,223.0,0.0,1022.0,0.0
jan21,Mysuru,35,53132.0,31.0,51883.0,227.0,0.0,1022.0,0.0
jan22,Mysuru,19,53151.0,41.0,51924.0,205.0,0.0,1022.0,0.0
jan23,Mysuru,51,53202.0,18.0,51942.0,238.0,0.0,1022.0,0.0
jan24,Mysuru,27,53229.0,32.0,51974.0,232.0,1.0,1023.0,0.0
jan25,Mysuru,27,53256.0,28.0,52002.0,230.0,1.0,1024.0,0.0
jan26,Mysuru,26,53282.0,25.0,52027.0,229.0,2.0,1026.0,0.0
jan27,Mysuru,17,53299.0,27.0,52054.0,219.0,0.0,1026.0,0.0
jan28,Mysuru,19,53318.0,26.0,52080.0,212.0,0.0,1026.0,0.0
jan29,Mysuru,30.0,53348.0,29.0,52109.0,213.0,0.0,1026.0,0.0
jan30,Mysuru,34,53382.0,34.0,52143.0,213.0,0.0,1026.0,0.0
jan31,Mysuru,53,53435.0,37.0,52180.0,229.0,0.0,1026.0,0.0
feb01,Mysuru,13,53448.0,31.0,52211.0,211.0,0.0,1026.0,0.0
feb02,Mysuru,28,53476.0,25.0,52236.0,214.0,0.0,1026.0,0.0
feb03,Mysuru,10.0,53486.0,27.0,52263.0,197.0,0.0,1026.0,0.0
feb04,Mysuru,12.0,53498.0,16.0,52279.0,193.0,0.0,1026.0,0.0
feb05,Mysuru,15.0,53513.0,37.0,52316.0,171.0,0.0,1026.0,0.0
feb06,Mysuru,25,53538.0,21.0,52337.0,175.0,0.0,1026.0,0.0
feb07,Mysuru,38,53576.0,18.0,52355.0,194.0,1.0,1027.0,0.0
feb08,Mysuru,48,53624.0,44.0,52399.0,198.0,0.0,1027.0,0.0
feb09,Mysuru,15,53639.0,17.0,52416.0,196.0,0.0,1027.0,0.0
feb10,Mysuru,45,53684.0,22.0,52438.0,219.0,0.0,1027.0,0.0
feb11,Mysuru,25.0,53709.0,31.0,52469.0,213.0,0.0,1027.0,0.0
feb12,Mysuru,31.0,53740.0,21.0,52490.0,223.0,0.0,1027.0,0.0
feb13,Mysuru,22,53762.0,14.0,52504.0,231.0,0.0,1027.0,0.0
feb14,Mysuru,21,53783.0,21.0,52525.0,231.0,0.0,1027.0,0.0
feb15,Mysuru,10,53793.0,30.0,52555.0,211.0,0.0,1027.0,0.0
feb16,Mysuru,12,53805.0,43.0,52598.0,178.0,2.0,1029.0,0.0
feb17,Mysuru,17.0,53822.0,41.0,52639.0,154.0,0.0,1029.0,0.0
feb18,Mysuru,12.0,53834.0,23.0,52662.0,143.0,0.0,1029.0,0.0
feb19,Mysuru,34,53868.0,20.0,52682.0,157.0,0.0,1029.0,0.0
feb20,Mysuru,20,53888.0,27.0,52709.0,150.0,0.0,1029.0,0.0
feb21,Mysuru,24,53912.0,10.0,52719.0,164.0,0.0,1029.0,0.0
feb22,Mysuru,29,53941.0,34.0,52753.0,159.0,0.0,1029.0,0.0
feb23,Mysuru,26,53967.0,11.0,52764.0,174.0,0.0,1029.0,0.0
feb24,Mysuru,25,53992.0,21.0,52785.0,177.0,1.0,1030.0,0.0
feb25,Mysuru,27,54019.0,14.0,52799.0,190.0,0.0,1030.0,0.0
feb26,Mysuru,36,54055.0,17.0,52816.0,209.0,0.0,1030.0,0.0
feb27,Mysuru,31,54086.0,26.0,52842.0,214.0,0.0,1030.0,0.0
feb28,Mysuru,11,54097.0,20.0,52862.0,205.0,0.0,1030.0,0.0
