date,District_Name,Todays_Positives,Total_Positives,Todays_Discharges,Total_Discharges,Total_Active_Cases,Todays_Covid_Deaths,Total_Covid_Deaths,Non_Covid_Deaths
july01,Raichuru,12.0,500.0,6.0,403.0,95.0,,2.0,0.0
july02,Raichuru,11.0,511.0,1.0,404.0,105.0,,2.0,0.0
july03,Raichuru,7.0,518.0,0.0,404.0,111.0,,3.0,0.0
july04,Raichuru,41.0,559.0,18.0,422.0,134.0,,3.0,0.0
july05,Raichuru,10.0,569.0,0.0,422.0,144.0,,3.0,0.0
july06,Raichuru,6.0,575.0,0.0,422.0,150.0,,3.0,0.0
july07,Raichuru,23.0,598.0,16.0,438.0,157.0,,3.0,0.0
july08,Raichuru,17.0,615.0,4.0,442.0,167.0,,6.0,0.0
july10,Raichuru,25.0,656.0,20.0,462.0,187.0,,7.0,0.0
july11,Raichuru,14.0,670.0,3.0,465.0,197.0,,8.0,0.0
july12,Raichuru,48.0,718.0,0.0,465.0,245.0,0.0,8.0,0.0
july13,Raichuru,45.0,763.0,10.0,475.0,280.0,0.0,8.0,0.0
july14,Raichuru,25.0,788.0,0.0,475.0,303.0,2.0,10.0,0.0
july15,Raichuru,26.0,814.0,8.0,483.0,319.0,2.0,12.0,0.0
july16,Raichuru,101.0,915.0,52.0,535.0,368.0,0.0,12.0,0.0
july17,Raichuru,33.0,948.0,8.0,543.0,392.0,1.0,13.0,0.0
july19,Raichuru,32.0,996.0,43.0,612.0,371.0,0.0,13.0,0.0
july20,Raichuru,3.0,999.0,9.0,621.0,365.0,0.0,13.0,0.0
july21,Raichuru,4.0,1003.0,59.0,680.0,310.0,0.0,13.0,0.0
july22,Raichuru,135.0,1138.0,12.0,692.0,431.0,2.0,15.0,0.0
july23,Raichuru,258.0,1396.0,27.0,719.0,660.0,2.0,17.0,0.0
july24,Raichuru,107.0,1503.0,32.0,751.0,734.0,1.0,18.0,0.0
july25,Raichuru,68.0,1571.0,43.0,794.0,759.0,0.0,18.0,0.0
july26,Raichuru,131.0,1702.0,22.0,816.0,868.0,0.0,18.0,0.0
july27,Raichuru,120.0,1822.0,142.0,958.0,844.0,2.0,20.0,0.0
july28,Raichuru,93.0,1915.0,131.0,1089.0,805.0,1.0,21.0,0.0
july29,Raichuru,73.0,1988.0,31.0,1120.0,845.0,2.0,23.0,0.0
july30,Raichuru,166.0,2154.0,191.0,1311.0,820.0,0.0,23.0,0.0
july31,Raichuru,119.0,2273.0,46.0,1356.0,892.0,2.0,25.0,0.0
aug01,Raichuru,109.0,2382.0,115.0,1471.0,886.0,0.0,25.0,0.0
aug02,Raichuru,212.0,2594.0,153.0,1624.0,943.0,2.0,27.0,0.0
aug03,Raichuru,115.0,2709.0,141.0,1765.0,916.0,1.0,28.0,0.0
aug04,Raichuru,144.0,2853.0,116.0,1881.0,942.0,2.0,30.0,0.0
aug05,Raichuru,91.0,2944.0,110.0,1991.0,921.0,2.0,32.0,0.0
aug06,Raichuru,181.0,3125.0,62.0,2053.0,1038.0,2.0,34.0,0.0
aug07,Raichuru,171.0,3296.0,73.0,2126.0,1134.0,2.0,36.0,0.0
aug08,Raichuru,295.0,3591.0,74.0,2200.0,1353.0,2.0,38.0,0.0
aug09,Raichuru,202.0,3793.0,117.0,2317.0,1436.0,2.0,40.0,0.0
aug10,Raichuru,165.0,3958.0,24.0,2341.0,1577.0,0.0,40.0,0.0
aug11,Raichuru,201.0,4159.0,49.0,2390.0,1727.0,2.0,42.0,0.0
aug12,Raichuru,191.0,4350.0,69.0,2459.0,1845.0,4.0,46.0,0.0
aug13,Raichuru,181.0,4531.0,373.0,2832.0,1650.0,3.0,49.0,0.0
aug14,Raichuru,220.0,4751.0,119.0,2951.0,1749.0,2.0,51.0,0.0
aug15,Raichuru,155.0,4906.0,109.0,3060.0,1792.0,3.0,54.0,0.0
aug16,Raichuru,183.0,5089.0,71.0,3131.0,1901.0,3.0,57.0,0.0
aug17,Raichuru,110.0,5199.0,142.0,3273.0,1866.0,3.0,60.0,0.0
aug18,Raichuru,171.0,5370.0,143.0,3416.0,1890.0,4.0,64.0,0.0
aug19,Raichuru,153.0,5523.0,159.0,3575.0,1882.0,2.0,66.0,0.0
aug20,Raichuru,111.0,5634.0,290.0,3865.0,1701.0,2.0,68.0,0.0
aug21,Raichuru,100.0,5734.0,292.0,4157.0,1506.0,3.0,71.0,0.0
aug22,Raichuru,52.0,5786.0,200.0,4357.0,1355.0,3.0,74.0,0.0
aug23,Raichuru,81.0,5867.0,171.0,4528.0,1263.0,2.0,76.0,0.0
aug24,Raichuru,183.0,6050.0,113.0,4641.0,1331.0,2.0,78.0,0.0
aug25,Raichuru,88,6138.0,180.0,4821.0,1239.0,0.0,78.0,0.0
aug26,Raichuru,136.0,6274.0,92.0,4913.0,1281.0,2.0,80.0,0.0
aug27,Raichuru,239.0,6513.0,79.0,4992.0,1440.0,1.0,81.0,0.0
aug28,Raichuru,178.0,6691.0,227.0,5219.0,1390.0,1.0,82.0,0.0
aug29,Raichuru,186.0,6877.0,116.0,5335.0,1458.0,2.0,84.0,0.0
aug30,Raichuru,147.0,7024.0,134.0,5469.0,1469.0,2.0,86.0,0.0
aug31,Raichuru,140.0,7164.0,194.0,5663.0,1413.0,2.0,88.0,0.0
sep01,Raichuru,245.0,7409.0,82.0,5745.0,1573.0,3.0,91.0,0.0
sep02,Raichuru,232.0,7641.0,147.0,5892.0,1655.0,3.0,94.0,0.0
sep03,Raichuru,161.0,7802.0,115.0,6007.0,1698.0,3.0,97.0,0.0
sep04,Raichuru,169.0,7971.0,121.0,6128.0,1743.0,3.0,100.0,0.0
sep06,Raichuru,187.0,8344.0,187.0,6434.0,1805.0,2.0,105.0,0.0
sep07,Raichuru,22.0,8366.0,150.0,6581.0,1678.0,2.0,107.0,0.0
sep08,Raichuru,209.0,8575.0,154.0,6735.0,1731.0,2.0,109.0,0.0
sep09,Raichuru,214,8789.0,176.0,6911.0,1766.0,3.0,112.0,0.0
sep10,Raichuru,107,8896.0,237.0,7148.0,1633.0,3.0,115.0,0.0
sep11,Raichuru,200.0,9096.0,206.0,7354.0,1625.0,2.0,117.0,0.0
sep12,Raichuru,131.0,9227.0,191.0,7545.0,1563.0,2.0,119.0,0.0
sep13,Raichuru,190.0,9417.0,136.0,7681.0,1615.0,2.0,121.0,0.0
sep14,Raichuru,51.0,9468.0,135.0,7816.0,1528.0,3.0,124.0,0.0
sep15,Raichuru,160.0,9628.0,145.0,7961.0,1540.0,3.0,127.0,0.0
sep16,Raichuru,193.0,9821.0,171.0,8132.0,1562.0,0.0,127.0,0.0
sep17,Raichuru,227.0,10048.0,0.0,8132.0,1789.0,0.0,127.0,0.0
sep18,Raichuru,116.0,10164.0,186.0,8318.0,1718.0,1.0,128.0,0.0
sep19,Raichuru,156.0,10320.0,139.0,8457.0,1734.0,1.0,129.0,0.0
sep20,Raichuru,132.0,10452.0,107.0,8564.0,1758.0,1.0,130.0,0.0
sep21,Raichuru,60.0,10512.0,166.0,8730.0,1650.0,2.0,132.0,0.0
sep22,Raichuru,115.0,10627.0,107.0,8837.0,1657.0,1.0,133.0,0.0
sep23,Raichuru,37.0,10664.0,0.0,8837.0,1694.0,0.0,133.0,0.0
sep24,Raichuru,52.0,10716.0,0.0,8837.0,1746.0,0.0,133.0,0.0
sep25,Raichuru,113.0,10829.0,155.0,8992.0,1704.0,0.0,133.0,0.0
sep26,Raichuru,92.0,10921.0,100.0,9092.0,1696.0,0.0,133.0,0.0
sep27,Raichuru,102.0,11023.0,133.0,9225.0,1664.0,1.0,134.0,0.0
sep28,Raichuru,52.0,11075.0,194.0,9419.0,1521.0,1.0,135.0,0.0
sep29,Raichuru,100.0,11175.0,172.0,9591.0,1449.0,0.0,135.0,0.0
sep30,Raichuru,93.0,11268.0,96.0,9687.0,1446.0,0.0,135.0,0.0
oct01,Raichuru,79,11347.0,54.0,9741.0,1470.0,1.0,136.0,0.0
oct02,Raichuru,193,11540.0,110.0,9851.0,1553.0,0.0,136.0,0.0
oct03,Raichuru,199,11739.0,176.0,10027.0,1575.0,1.0,137.0,0.0
oct04,Raichuru,124,11863.0,194.0,10221.0,1505.0,0.0,137.0,0.0
oct05,Raichuru,121,11984.0,142.0,10363.0,1483.0,1.0,138.0,0.0
oct06,Raichuru,107,12091.0,151.0,10514.0,1438.0,1.0,139.0,0.0
oct07,Raichuru,129,12220.0,236.0,10750.0,1331.0,0.0,139.0,0.0
oct08,Raichuru,111,12331.0,219.0,10969.0,1222.0,1.0,140.0,0.0
oct09,Raichuru,73,12404.0,152.0,11121.0,1142.0,1.0,141.0,0.0
oct10,Raichuru,93,12497.0,130.0,11251.0,1104.0,1.0,142.0,0.0
oct11,Raichuru,62,12559.0,136.0,11387.0,1030.0,0.0,142.0,0.0
oct12,Raichuru,43,12602.0,99.0,11486.0,974.0,0.0,142.0,0.0
oct13,Raichuru,36,12638.0,141.0,11627.0,869.0,0.0,142.0,0.0
oct14,Raichuru,44,12682.0,145.0,11772.0,767.0,1.0,143.0,0.0
oct15,Raichuru,59,12741.0,68.0,11840.0,757.0,1.0,144.0,0.0
oct16,Raichuru,38,12779.0,97.0,11937.0,698.0,0.0,144.0,0.0
oct17,Raichuru,54,12833.0,131.0,12068.0,620.0,1.0,145.0,0.0
oct18,Raichuru,44,12877.0,94.0,12162.0,570.0,0.0,145.0,0.0
oct19,Raichuru,38,12915.0,71.0,12233.0,537.0,0.0,145.0,0.0
oct20,Raichuru,25,12940.0,90.0,12323.0,471.0,1.0,146.0,0.0
oct21,Raichuru,33,12973.0,60.0,12383.0,444.0,0.0,146.0,0.0
oct22,Raichuru,31,13004.0,60.0,12443.0,415.0,0.0,146.0,0.0
oct24,Raichuru,25,13099.0,50.0,12530.0,422.0,0.0,147.0,0.0
oct25,Raichuru,30,13129.0,61.0,12591.0,391.0,0.0,147.0,0.0
oct26,Raichuru,37,13166.0,34.0,12625.0,394.0,0.0,147.0,0.0
oct27,Raichuru,22,13188.0,43.0,12668.0,372.0,1.0,148.0,0.0
oct28,Raichuru,31,13219.0,55.0,12723.0,347.0,1.0,149.0,0.0
oct29,Raichuru,20,13239.0,41.0,12764.0,326.0,0.0,149.0,0.0
oct30,Raichuru,9,13248.0,28.0,12792.0,307.0,0.0,149.0,0.0
oct31,Raichuru,16,13264.0,28.0,12820.0,295.0,0.0,149.0,0.0
dec01,Raichuru,17,13817.0,4.0,13441.0,220.0,0.0,156.0,0.0
dec02,Raichuru,25,13842.0,27.0,13468.0,218.0,0.0,156.0,0.0
dec03,Raichuru,27,13869.0,19.0,13487.0,226.0,0.0,156.0,0.0
dec04,Raichuru,14,13883.0,32.0,13519.0,207.0,1.0,157.0,0.0
dec05,Raichuru,29,13912.0,22.0,13541.0,214.0,0.0,157.0,0.0
dec06,Raichuru,23,13935.0,5.0,13546.0,232.0,0.0,157.0,0.0
dec07,Raichuru,5,13940.0,23.0,13569.0,214.0,0.0,157.0,0.0
dec08,Raichuru,25,13965.0,31.0,13600.0,208.0,0.0,157.0,0.0
dec09,Raichuru,9,13974.0,13.0,13613.0,204.0,0.0,157.0,0.0
dec10,Raichuru,10,13984.0,11.0,13624.0,203.0,0.0,157.0,0.0
dec11,Raichuru,16,14000.0,15.0,13639.0,204.0,0.0,157.0,0.0
dec12,Raichuru,5,14005.0,23.0,13662.0,186.0,0.0,157.0,0.0
dec13,Raichuru,29,14034.0,24.0,13686.0,191.0,0.0,157.0,0.0
dec14,Raichuru,6,14040.0,11.0,13697.0,186.0,0.0,157.0,0.0
dec15,Raichuru,15,14055.0,44.0,13741.0,157.0,0.0,157.0,0.0
dec16,Raichuru,11,14066.0,24.0,13765.0,144.0,0.0,157.0,0.0
dec17,Raichuru,6,14072.0,16.0,13781.0,133.0,1.0,158.0,0.0
dec18,Raichuru,10,14082.0,26.0,13807.0,117.0,0.0,158.0,0.0
dec19,Raichuru,14,14096.0,9.0,13816.0,122.0,0.0,158.0,0.0
dec20,Raichuru,7,14103.0,7.0,13823.0,122.0,0.0,158.0,0.0
dec21,Raichuru,4,14107.0,13.0,13836.0,113.0,0.0,158.0,0.0
dec22,Raichuru,9,14116.0,5.0,13841.0,117.0,0.0,158.0,0.0
dec23,Raichuru,7,14123.0,27.0,13868.0,97.0,0.0,158.0,0.0
dec24,Raichuru,14,14137.0,9.0,13877.0,102.0,0.0,158.0,0.0
dec25,Raichuru,4,14141.0,14.0,13891.0,92.0,0.0,158.0,0.0
dec26,Raichuru,2,14143.0,9.0,13900.0,85.0,0.0,158.0,0.0
dec27,Raichuru,5,14148.0,5.0,13905.0,85.0,0.0,158.0,0.0
dec28,Raichuru,5,14153.0,9.0,13914.0,81.0,0.0,158.0,0.0
dec29,Raichuru,1,14154.0,16.0,13930.0,66.0,0.0,158.0,0.0
dec30,Raichuru,3,14157.0,5.0,13935.0,64.0,0.0,158.0,0.0
dec31,Raichuru,0,14157.0,3.0,13938.0,61.0,0.0,158.0,0.0
jan01,Raichuru,3,14160.0,15.0,13953.0,49.0,0.0,158.0,0.0
jan02,Raichuru,5,14165.0,6.0,13959.0,48.0,0.0,158.0,0.0
jan03,Raichuru,0,14165.0,14.0,13973.0,34.0,0.0,158.0,0.0
jan04,Raichuru,8,14173.0,4.0,13977.0,38.0,0.0,158.0,0.0
jan05,Raichuru,5,14178.0,2.0,13979.0,41.0,0.0,158.0,0.0
jan06,Raichuru,5,14183.0,6.0,13985.0,40.0,0.0,158.0,0.0
jan07,Raichuru,2,14185.0,3.0,13988.0,39.0,0.0,158.0,0.0
jan08,Raichuru,7,14192.0,1.0,13989.0,45.0,0.0,158.0,0.0
jan09,Raichuru,15,14207.0,2.0,13991.0,58.0,0.0,158.0,0.0
jan10,Raichuru,7,14214.0,0.0,13991.0,65.0,0.0,158.0,0.0
jan11,Raichuru,5,14219.0,7.0,13998.0,63.0,0.0,158.0,0.0
jan12,Raichuru,7,14226.0,5.0,14003.0,65.0,0.0,158.0,0.0
jan13,Raichuru,4,14230.0,0.0,14003.0,69.0,0.0,158.0,0.0
jan14,Raichuru,3,14233.0,13.0,14016.0,59.0,0.0,158.0,0.0
jan15,Raichuru,1,14234.0,5.0,14021.0,55.0,0.0,158.0,0.0
jan16,Raichuru,3,14237.0,5.0,14026.0,53.0,0.0,158.0,0.0
jan17,Raichuru,3,14240.0,2.0,14028.0,54.0,0.0,158.0,0.0
jan18,Raichuru,5,14245.0,4.0,14032.0,55.0,0.0,158.0,0.0
jan19,Raichuru,7,14252.0,17.0,14049.0,45.0,0.0,158.0,0.0
jan20,Raichuru,1,14253.0,5.0,14054.0,41.0,0.0,158.0,0.0
jan21,Raichuru,1,14254.0,3.0,14057.0,39.0,0.0,158.0,0.0
jan22,Raichuru,0,14254.0,7.0,14064.0,32.0,0.0,158.0,0.0
jan23,Raichuru,1,14255.0,2.0,14066.0,31.0,0.0,158.0,0.0
jan24,Raichuru,1,14256.0,3.0,14069.0,29.0,0.0,158.0,0.0
jan25,Raichuru,6,14262.0,6.0,14075.0,29.0,0.0,158.0,0.0
jan26,Raichuru,2,14264.0,2.0,14077.0,29.0,0.0,158.0,0.0
jan27,Raichuru,1,14265.0,3.0,14080.0,27.0,0.0,158.0,0.0
jan28,Raichuru,0,14265.0,5.0,14085.0,22.0,0.0,158.0,0.0
jan29,Raichuru,2.0,14267.0,7.0,14092.0,17.0,0.0,158.0,0.0
jan30,Raichuru,0,14267.0,1.0,14093.0,16.0,0.0,158.0,0.0
jan31,Raichuru,2,14269.0,1.0,14094.0,17.0,0.0,158.0,0.0
feb01,Raichuru,1,14270.0,0.0,14094.0,18.0,0.0,158.0,0.0
feb02,Raichuru,2,14272.0,1.0,14095.0,19.0,0.0,158.0,0.0
feb03,Raichuru,1.0,14273.0,3.0,14098.0,17.0,0.0,158.0,0.0
feb04,Raichuru,4.0,14277.0,4.0,14102.0,17.0,0.0,158.0,0.0
feb05,Raichuru,0.0,14277.0,2.0,14104.0,15.0,0.0,158.0,0.0
feb06,Raichuru,2,14279.0,0.0,14104.0,17.0,0.0,158.0,0.0
feb07,Raichuru,1,14280.0,1.0,14105.0,17.0,0.0,158.0,0.0
feb08,Raichuru,1,14281.0,1.0,14106.0,17.0,0.0,158.0,0.0
feb09,Raichuru,0,14281.0,0.0,14106.0,17.0,0.0,158.0,0.0
feb10,Raichuru,1,14282.0,1.0,14107.0,17.0,0.0,158.0,0.0
feb11,Raichuru,1.0,14283.0,1.0,14108.0,17.0,0.0,158.0,0.0
feb12,Raichuru,1.0,14284.0,1.0,14109.0,17.0,0.0,158.0,0.0
feb13,Raichuru,1,14285.0,1.0,14110.0,17.0,0.0,158.0,0.0
feb14,Raichuru,3,14288.0,4.0,14114.0,16.0,0.0,158.0,0.0
feb15,Raichuru,2,14290.0,0.0,14114.0,18.0,0.0,158.0,0.0
feb16,Raichuru,0,14290.0,2.0,14116.0,16.0,0.0,158.0,0.0
feb17,Raichuru,1.0,14291.0,1.0,14117.0,16.0,0.0,158.0,0.0
feb18,Raichuru,2.0,14293.0,1.0,14118.0,17.0,0.0,158.0,0.0
feb19,Raichuru,1,14294.0,0.0,14118.0,18.0,0.0,158.0,0.0
feb20,Raichuru,0,14294.0,1.0,14119.0,17.0,0.0,158.0,0.0
feb21,Raichuru,1,14295.0,0.0,14119.0,18.0,0.0,158.0,0.0
feb22,Raichuru,0,14295.0,1.0,14120.0,17.0,0.0,158.0,0.0
feb23,Raichuru,0,14295.0,4.0,14124.0,13.0,0.0,158.0,0.0
feb24,Raichuru,2,14297.0,3.0,14127.0,12.0,0.0,158.0,0.0
feb25,Raichuru,2,14299.0,2.0,14129.0,12.0,0.0,158.0,0.0
feb26,Raichuru,0,14299.0,0.0,14129.0,12.0,0.0,158.0,0.0
feb27,Raichuru,0,14299.0,1.0,14130.0,11.0,0.0,158.0,0.0
feb28,Raichuru,4,14303.0,3.0,14133.0,12.0,0.0,158.0,0.0
