date,District_Name,Todays_Positives,Total_Positives,Todays_Discharges,Total_Discharges,Total_Active_Cases,Todays_Covid_Deaths,Total_Covid_Deaths,Non_Covid_Deaths
july01,Udupi,22.0,1228.0,2.0,1058.0,168.0,,2.0,0.0
july02,Udupi,14.0,1242.0,21.0,1079.0,160.0,,3.0,0.0
july03,Udupi,16.0,1258.0,14.0,1093.0,162.0,,3.0,0.0
july04,Udupi,18.0,1276.0,10.0,1103.0,170.0,,3.0,0.0
july05,Udupi,45.0,1321.0,22.0,1125.0,193.0,,3.0,0.0
july06,Udupi,40.0,1361.0,18.0,1143.0,215.0,,3.0,0.0
july07,Udupi,28.0,1389.0,28.0,1171.0,215.0,,3.0,0.0
july08,Udupi,31.0,1420.0,7.0,1178.0,239.0,,3.0,0.0
july10,Udupi,34.0,1476.0,7.0,1213.0,260.0,,3.0,0.0
july11,Udupi,90.0,1566.0,21.0,1234.0,329.0,,3.0,0.0
july12,Udupi,43.0,1609.0,28.0,1262.0,344.0,0.0,3.0,0.0
july13,Udupi,53.0,1662.0,7.0,1269.0,390.0,0.0,3.0,0.0
july14,Udupi,73.0,1735.0,80.0,1349.0,383.0,0.0,3.0,0.0
july15,Udupi,52.0,1787.0,22.0,1371.0,413.0,0.0,3.0,0.0
july16,Udupi,113.0,1900.0,80.0,1451.0,446.0,0.0,3.0,0.0
july17,Udupi,80.0,1980.0,81.0,1532.0,442.0,3.0,6.0,0.0
july19,Udupi,134.0,2223.0,42.0,1617.0,597.0,1.0,9.0,0.0
july20,Udupi,98.0,2321.0,0.0,1617.0,694.0,1.0,10.0,0.0
july21,Udupi,84.0,2405.0,114.0,1731.0,664.0,0.0,10.0,0.0
july22,Udupi,281.0,2686.0,34.0,1765.0,910.0,1.0,11.0,0.0
july23,Udupi,160.0,2846.0,65.0,1830.0,1005.0,0.0,11.0,0.0
july24,Udupi,190.0,3036.0,88.0,1918.0,1104.0,3.0,14.0,0.0
july25,Udupi,182.0,3218.0,79.0,1997.0,1207.0,0.0,14.0,0.0
july26,Udupi,169.0,3387.0,125.0,2122.0,1251.0,0.0,14.0,0.0
july27,Udupi,225.0,3612.0,51.0,2173.0,1425.0,0.0,14.0,0.0
july28,Udupi,109.0,3721.0,55.0,2228.0,1472.0,7.0,21.0,0.0
july29,Udupi,173.0,3894.0,83.0,2311.0,1558.0,4.0,25.0,0.0
july30,Udupi,248.0,4142.0,61.0,2372.0,1741.0,4.0,29.0,0.0
july31,Udupi,213.0,4355.0,54.0,2428.0,1898.0,0.0,29.0,0.0
aug01,Udupi,136.0,4491.0,100.0,2528.0,1928.0,6.0,35.0,0.0
aug02,Udupi,182.0,4673.0,78.0,2606.0,2032.0,0.0,35.0,0.0
aug03,Udupi,126.0,4799.0,122.0,2728.0,2035.0,1.0,36.0,0.0
aug04,Udupi,170.0,4969.0,161.0,2889.0,2038.0,6.0,42.0,0.0
aug05,Udupi,173.0,5142.0,89.0,2978.0,2120.0,2.0,44.0,0.0
aug06,Udupi,217.0,5359.0,80.0,3058.0,2251.0,6.0,50.0,0.0
aug07,Udupi,246.0,5605.0,103.0,3161.0,2389.0,5.0,55.0,0.0
aug08,Udupi,313.0,5918.0,99.0,3260.0,2598.0,5.0,60.0,0.0
aug09,Udupi,282.0,6200.0,85.0,3345.0,2795.0,0.0,60.0,0.0
aug10,Udupi,90.0,6290.0,117.0,3462.0,2762.0,6.0,66.0,0.0
aug11,Udupi,219.0,6509.0,161.0,3623.0,2820.0,0.0,66.0,0.0
aug12,Udupi,263.0,6772.0,225.0,3848.0,2855.0,3.0,69.0,0.0
aug13,Udupi,402.0,7174.0,290.0,4138.0,2966.0,1.0,70.0,0.0
aug14,Udupi,322.0,7496.0,614.0,4752.0,2667.0,7.0,77.0,0.0
aug15,Udupi,241.0,7737.0,229.0,4981.0,2677.0,2.0,79.0,0.0
aug16,Udupi,237.0,7974.0,259.0,5240.0,2655.0,0.0,79.0,0.0
aug17,Udupi,268.0,8242.0,269.0,5509.0,2653.0,1.0,80.0,0.0
aug18,Udupi,421.0,8663.0,321.0,5830.0,2753.0,0.0,80.0,0.0
aug19,Udupi,375.0,9038.0,181.0,6011.0,2947.0,0.0,80.0,0.0
aug20,Udupi,351.0,9389.0,359.0,6370.0,2937.0,2.0,82.0,0.0
aug21,Udupi,278.0,9667.0,365.0,6735.0,2850.0,0.0,82.0,0.0
aug22,Udupi,348.0,10015.0,235.0,6970.0,2963.0,0.0,82.0,0.0
aug23,Udupi,117.0,10132.0,309.0,7279.0,2769.0,2.0,84.0,0.0
aug24,Udupi,104.0,10236.0,156.0,7435.0,2713.0,4.0,88.0,0.0
aug25,Udupi,217,10453.0,180.0,7615.0,2748.0,2.0,90.0,0.0
aug26,Udupi,251.0,10704.0,246.0,7861.0,2752.0,1.0,91.0,0.0
aug27,Udupi,209.0,10913.0,214.0,8075.0,2746.0,1.0,92.0,0.0
aug28,Udupi,176.0,11089.0,187.0,8262.0,2733.0,2.0,94.0,0.0
aug29,Udupi,172.0,11261.0,219.0,8481.0,2686.0,0.0,94.0,0.0
aug30,Udupi,254.0,11515.0,195.0,8676.0,2745.0,0.0,94.0,0.0
aug31,Udupi,83.0,11598.0,303.0,8979.0,2523.0,2.0,96.0,0.0
sep01,Udupi,161.0,11759.0,250.0,9229.0,2432.0,2.0,98.0,0.0
sep02,Udupi,169.0,11928.0,240.0,9469.0,2358.0,3.0,101.0,0.0
sep03,Udupi,228.0,12156.0,328.0,9797.0,2254.0,4.0,105.0,0.0
sep04,Udupi,187.0,12343.0,332.0,10129.0,2107.0,2.0,107.0,0.0
sep06,Udupi,217.0,12735.0,270.0,10631.0,1993.0,0.0,111.0,0.0
sep07,Udupi,113.0,12848.0,183.0,10813.0,1922.0,2.0,113.0,0.0
sep08,Udupi,250.0,13098.0,178.0,10991.0,1987.0,7.0,120.0,0.0
sep09,Udupi,258,13356.0,218.0,11209.0,2026.0,1.0,121.0,0.0
sep10,Udupi,227,13583.0,210.0,11419.0,2039.0,4.0,125.0,0.0
sep11,Udupi,168.0,13751.0,116.0,11535.0,2089.0,2.0,127.0,0.0
sep12,Udupi,169.0,13920.0,354.0,11889.0,1902.0,2.0,129.0,0.0
sep13,Udupi,126.0,14046.0,154.0,12043.0,1874.0,0.0,129.0,0.0
sep14,Udupi,40.0,14086.0,0.0,12043.0,1914.0,0.0,129.0,0.0
sep15,Udupi,1.0,14087.0,0.0,12043.0,1915.0,0.0,129.0,0.0
sep16,Udupi,191.0,14278.0,0.0,12043.0,2106.0,0.0,129.0,0.0
sep17,Udupi,120.0,14398.0,864.0,12907.0,1358.0,4.0,133.0,0.0
sep18,Udupi,493.0,14891.0,268.0,13175.0,1578.0,5.0,138.0,0.0
sep19,Udupi,215.0,15106.0,310.0,13485.0,1482.0,1.0,139.0,0.0
sep20,Udupi,295.0,15401.0,215.0,13700.0,1562.0,0.0,139.0,0.0
sep21,Udupi,231.0,15632.0,278.0,13978.0,1511.0,4.0,143.0,0.0
sep22,Udupi,106.0,15738.0,0.0,13978.0,1617.0,0.0,143.0,0.0
sep23,Udupi,102.0,15840.0,0.0,13978.0,1719.0,0.0,143.0,0.0
sep24,Udupi,74.0,15914.0,198.0,14176.0,1595.0,0.0,143.0,0.0
sep25,Udupi,63.0,15977.0,103.0,14279.0,1555.0,0.0,143.0,0.0
sep26,Udupi,57.0,16034.0,116.0,14395.0,1496.0,0.0,143.0,0.0
sep27,Udupi,320.0,16354.0,122.0,14517.0,1693.0,1.0,144.0,0.0
sep28,Udupi,332.0,16686.0,195.0,14712.0,1830.0,0.0,144.0,0.0
sep29,Udupi,319.0,17005.0,69.0,14781.0,2078.0,2.0,146.0,0.0
sep30,Udupi,139.0,17144.0,187.0,14968.0,2029.0,1.0,147.0,0.0
oct01,Udupi,275,17419.0,329.0,15297.0,1972.0,3.0,150.0,0.0
oct02,Udupi,212,17631.0,68.0,15365.0,2115.0,1.0,151.0,0.0
oct03,Udupi,158,17789.0,297.0,15662.0,1973.0,3.0,154.0,0.0
oct04,Udupi,231,18020.0,59.0,15721.0,2145.0,0.0,154.0,0.0
oct05,Udupi,118,18138.0,23.0,15744.0,2237.0,3.0,157.0,0.0
oct06,Udupi,224,18362.0,384.0,16128.0,2074.0,3.0,160.0,0.0
oct07,Udupi,209,18571.0,185.0,16313.0,2096.0,2.0,162.0,0.0
oct08,Udupi,239,18810.0,379.0,16692.0,1955.0,1.0,163.0,0.0
oct09,Udupi,177,18987.0,225.0,16917.0,1906.0,1.0,164.0,0.0
oct10,Udupi,237,19224.0,224.0,17141.0,1918.0,1.0,165.0,0.0
oct11,Udupi,171,19395.0,135.0,17276.0,1953.0,1.0,166.0,0.0
oct12,Udupi,317,19712.0,276.0,17552.0,1993.0,1.0,167.0,0.0
oct13,Udupi,168,19880.0,186.0,17738.0,1974.0,1.0,168.0,0.0
oct14,Udupi,199,20079.0,163.0,17901.0,2010.0,0.0,168.0,0.0
oct15,Udupi,179,20258.0,253.0,18154.0,1934.0,2.0,170.0,0.0
oct16,Udupi,211,20469.0,255.0,18409.0,1888.0,2.0,172.0,0.0
oct17,Udupi,210,20679.0,169.0,18578.0,1928.0,1.0,173.0,0.0
oct18,Udupi,129,20808.0,154.0,18732.0,1903.0,0.0,173.0,0.0
oct19,Udupi,101,20909.0,163.0,18895.0,1839.0,2.0,175.0,0.0
oct20,Udupi,103,21012.0,219.0,19114.0,1722.0,1.0,176.0,0.0
oct21,Udupi,117,21129.0,191.0,19305.0,1648.0,0.0,176.0,0.0
oct22,Udupi,141,21270.0,267.0,19572.0,1521.0,1.0,177.0,0.0
oct24,Udupi,81,21401.0,173.0,19927.0,1296.0,0.0,178.0,0.0
oct25,Udupi,117,21518.0,175.0,20102.0,1238.0,0.0,178.0,0.0
oct26,Udupi,44,21562.0,199.0,20301.0,1082.0,1.0,179.0,0.0
oct27,Udupi,86,21648.0,204.0,20505.0,963.0,1.0,180.0,0.0
oct28,Udupi,65,21713.0,125.0,20630.0,902.0,1.0,181.0,0.0
oct29,Udupi,66,21779.0,111.0,20741.0,856.0,1.0,182.0,0.0
oct30,Udupi,44,21823.0,97.0,20838.0,803.0,0.0,182.0,0.0
oct31,Udupi,49,21872.0,114.0,20952.0,738.0,0.0,182.0,0.0
dec01,Udupi,14,22703.0,22.0,22312.0,204.0,0.0,187.0,0.0
dec02,Udupi,15,22718.0,21.0,22333.0,198.0,0.0,187.0,0.0
dec03,Udupi,26,22744.0,18.0,22351.0,206.0,0.0,187.0,0.0
dec04,Udupi,14,22758.0,17.0,22368.0,203.0,0.0,187.0,0.0
dec05,Udupi,14,22772.0,27.0,22395.0,190.0,0.0,187.0,0.0
dec06,Udupi,15,22787.0,28.0,22423.0,177.0,0.0,187.0,0.0
dec07,Udupi,15,22802.0,31.0,22454.0,161.0,0.0,187.0,0.0
dec08,Udupi,11,22813.0,38.0,22492.0,134.0,0.0,187.0,0.0
dec09,Udupi,15,22828.0,13.0,22505.0,136.0,0.0,187.0,0.0
dec10,Udupi,15,22843.0,12.0,22517.0,139.0,0.0,187.0,0.0
dec11,Udupi,20,22863.0,15.0,22532.0,144.0,0.0,187.0,0.0
dec12,Udupi,21,22884.0,27.0,22559.0,138.0,0.0,187.0,0.0
dec13,Udupi,11,22895.0,14.0,22573.0,135.0,0.0,187.0,0.0
dec14,Udupi,12,22907.0,13.0,22586.0,134.0,0.0,187.0,0.0
dec15,Udupi,6,22913.0,16.0,22602.0,124.0,0.0,187.0,0.0
dec16,Udupi,16,22929.0,15.0,22617.0,125.0,0.0,187.0,0.0
dec17,Udupi,12,22941.0,11.0,22628.0,126.0,0.0,187.0,0.0
dec18,Udupi,5,22946.0,14.0,22642.0,117.0,0.0,187.0,0.0
dec19,Udupi,8,22954.0,14.0,22656.0,110.0,1.0,188.0,0.0
dec20,Udupi,4,22958.0,22.0,22678.0,92.0,0.0,188.0,0.0
dec21,Udupi,3,22961.0,25.0,22703.0,70.0,0.0,188.0,0.0
dec22,Udupi,15,22976.0,7.0,22710.0,78.0,0.0,188.0,0.0
dec23,Udupi,8,22984.0,11.0,22721.0,75.0,0.0,188.0,0.0
dec24,Udupi,6,22990.0,7.0,22728.0,74.0,0.0,188.0,0.0
dec25,Udupi,13,23003.0,14.0,22742.0,73.0,0.0,188.0,0.0
dec26,Udupi,3,23006.0,12.0,22754.0,64.0,0.0,188.0,0.0
dec27,Udupi,1,23007.0,5.0,22759.0,60.0,0.0,188.0,0.0
dec28,Udupi,14,23021.0,8.0,22767.0,66.0,0.0,188.0,0.0
dec29,Udupi,7,23028.0,7.0,22774.0,66.0,0.0,188.0,0.0
dec30,Udupi,11,23039.0,15.0,22789.0,62.0,0.0,188.0,0.0
dec31,Udupi,20,23059.0,7.0,22796.0,75.0,0.0,188.0,0.0
jan01,Udupi,14,23073.0,6.0,22802.0,83.0,0.0,188.0,0.0
jan02,Udupi,12,23085.0,13.0,22815.0,82.0,0.0,188.0,0.0
jan03,Udupi,19,23104.0,4.0,22819.0,97.0,0.0,188.0,0.0
jan04,Udupi,9,23113.0,14.0,22833.0,91.0,1.0,189.0,0.0
jan05,Udupi,26,23139.0,7.0,22840.0,110.0,0.0,189.0,0.0
jan06,Udupi,10,23149.0,10.0,22850.0,110.0,0.0,189.0,0.0
jan07,Udupi,4,23153.0,20.0,22870.0,94.0,0.0,189.0,0.0
jan08,Udupi,16,23169.0,15.0,22885.0,95.0,0.0,189.0,0.0
jan09,Udupi,20,23189.0,12.0,22897.0,103.0,0.0,189.0,0.0
jan10,Udupi,6,23195.0,9.0,22906.0,100.0,0.0,189.0,0.0
jan11,Udupi,1,23196.0,20.0,22926.0,81.0,0.0,189.0,0.0
jan12,Udupi,3,23199.0,24.0,22950.0,60.0,0.0,189.0,0.0
jan13,Udupi,4,23203.0,10.0,22960.0,54.0,0.0,189.0,0.0
jan14,Udupi,2,23205.0,3.0,22963.0,53.0,0.0,189.0,0.0
jan15,Udupi,8,23213.0,19.0,22982.0,42.0,0.0,189.0,0.0
jan16,Udupi,5,23218.0,19.0,23001.0,28.0,0.0,189.0,0.0
jan17,Udupi,4,23222.0,5.0,23006.0,27.0,0.0,189.0,0.0
jan18,Udupi,1,23223.0,2.0,23008.0,26.0,0.0,189.0,0.0
jan19,Udupi,4,23227.0,3.0,23011.0,27.0,0.0,189.0,0.0
jan20,Udupi,7,23234.0,4.0,23015.0,30.0,0.0,189.0,0.0
jan21,Udupi,7,23241.0,10.0,23025.0,27.0,0.0,189.0,0.0
jan22,Udupi,3,23244.0,3.0,23028.0,27.0,0.0,189.0,0.0
jan23,Udupi,10,23254.0,7.0,23035.0,30.0,0.0,189.0,0.0
jan24,Udupi,17,23271.0,4.0,23039.0,43.0,0.0,189.0,0.0
jan25,Udupi,4,23275.0,7.0,23046.0,40.0,0.0,189.0,0.0
jan26,Udupi,7,23282.0,7.0,23053.0,40.0,0.0,189.0,0.0
jan27,Udupi,6,23288.0,8.0,23061.0,38.0,0.0,189.0,0.0
jan28,Udupi,13,23301.0,5.0,23066.0,46.0,0.0,189.0,0.0
jan29,Udupi,5.0,23306.0,18.0,23084.0,33.0,0.0,189.0,0.0
jan30,Udupi,13,23319.0,3.0,23087.0,43.0,0.0,189.0,0.0
jan31,Udupi,9,23328.0,8.0,23095.0,44.0,0.0,189.0,0.0
feb01,Udupi,8,23336.0,5.0,23100.0,47.0,0.0,189.0,0.0
feb02,Udupi,8,23344.0,14.0,23114.0,41.0,0.0,189.0,0.0
feb03,Udupi,4.0,23348.0,4.0,23118.0,41.0,0.0,189.0,0.0
feb04,Udupi,9.0,23357.0,13.0,23131.0,37.0,0.0,189.0,0.0
feb05,Udupi,21.0,23378.0,10.0,23141.0,48.0,0.0,189.0,0.0
feb06,Udupi,7,23385.0,7.0,23148.0,48.0,0.0,189.0,0.0
feb07,Udupi,12,23397.0,9.0,23157.0,51.0,0.0,189.0,0.0
feb08,Udupi,8,23405.0,6.0,23163.0,53.0,0.0,189.0,0.0
feb09,Udupi,6,23411.0,11.0,23174.0,48.0,0.0,189.0,0.0
feb10,Udupi,6,23417.0,10.0,23184.0,44.0,0.0,189.0,0.0
feb11,Udupi,14.0,23431.0,8.0,23192.0,50.0,0.0,189.0,0.0
feb12,Udupi,13.0,23444.0,5.0,23197.0,58.0,0.0,189.0,0.0
feb13,Udupi,6,23450.0,12.0,23209.0,52.0,0.0,189.0,0.0
feb14,Udupi,13,23463.0,8.0,23217.0,57.0,0.0,189.0,0.0
feb15,Udupi,11,23474.0,7.0,23224.0,61.0,0.0,189.0,0.0
feb16,Udupi,11,23485.0,5.0,23229.0,67.0,0.0,189.0,0.0
feb17,Udupi,5.0,23490.0,15.0,23244.0,57.0,0.0,189.0,0.0
feb18,Udupi,4.0,23494.0,14.0,23258.0,47.0,0.0,189.0,0.0
feb19,Udupi,4,23498.0,6.0,23264.0,45.0,0.0,189.0,0.0
feb20,Udupi,16,23514.0,15.0,23279.0,46.0,0.0,189.0,0.0
feb21,Udupi,10,23524.0,6.0,23285.0,50.0,0.0,189.0,0.0
feb22,Udupi,14,23538.0,12.0,23297.0,52.0,0.0,189.0,0.0
feb23,Udupi,12,23550.0,5.0,23302.0,59.0,0.0,189.0,0.0
feb24,Udupi,7,23557.0,4.0,23306.0,62.0,0.0,189.0,0.0
feb25,Udupi,12,23569.0,11.0,23317.0,62.0,1.0,190.0,0.0
feb26,Udupi,8,23577.0,11.0,23328.0,59.0,0.0,190.0,0.0
feb27,Udupi,18,23595.0,9.0,23337.0,68.0,0.0,190.0,0.0
feb28,Udupi,16,23611.0,12.0,23349.0,72.0,0.0,190.0,0.0
