date,District_Name,Todays_Positives,Total_Positives,Todays_Discharges,Total_Discharges,Total_Active_Cases,Todays_Covid_Deaths,Total_Covid_Deaths,Non_Covid_Deaths
july01,Uttara Kannada,23.0,276.0,0.0,143.0,133.0,,0.0,0.0
july02,Uttara Kannada,17.0,293.0,0.0,143.0,149.0,,1.0,0.0
july03,Uttara Kannada,5.0,298.0,8.0,151.0,146.0,,1.0,0.0
july04,Uttara Kannada,35.0,333.0,8.0,159.0,173.0,,1.0,0.0
july05,Uttara Kannada,21.0,354.0,0.0,159.0,194.0,,1.0,0.0
july06,Uttara Kannada,81.0,435.0,6.0,165.0,269.0,,1.0,0.0
july07,Uttara Kannada,35.0,470.0,5.0,170.0,299.0,,1.0,0.0
july08,Uttara Kannada,19.0,489.0,2.0,172.0,316.0,,1.0,0.0
july10,Uttara Kannada,33.0,545.0,10.0,220.0,322.0,,3.0,0.0
july11,Uttara Kannada,40.0,585.0,7.0,227.0,354.0,,4.0,0.0
july12,Uttara Kannada,12.0,597.0,0.0,227.0,366.0,0.0,4.0,0.0
july13,Uttara Kannada,37.0,634.0,27.0,254.0,375.0,1.0,5.0,0.0
july14,Uttara Kannada,64.0,698.0,7.0,261.0,432.0,0.0,5.0,0.0
july15,Uttara Kannada,48.0,746.0,47.0,308.0,430.0,3.0,8.0,0.0
july16,Uttara Kannada,79.0,825.0,7.0,315.0,502.0,0.0,8.0,0.0
july17,Uttara Kannada,75.0,900.0,6.0,321.0,569.0,2.0,10.0,0.0
july19,Uttara Kannada,69.0,1085.0,98.0,443.0,632.0,0.0,10.0,0.0
july20,Uttara Kannada,78.0,1163.0,40.0,483.0,670.0,0.0,10.0,0.0
july21,Uttara Kannada,109.0,1272.0,35.0,518.0,744.0,0.0,10.0,0.0
july22,Uttara Kannada,63.0,1335.0,96.0,614.0,708.0,3.0,13.0,0.0
july23,Uttara Kannada,83.0,1418.0,84.0,698.0,707.0,0.0,13.0,0.0
july24,Uttara Kannada,88.0,1506.0,53.0,751.0,741.0,1.0,14.0,0.0
july25,Uttara Kannada,155.0,1661.0,55.0,806.0,841.0,0.0,14.0,0.0
july26,Uttara Kannada,85.0,1746.0,91.0,897.0,833.0,2.0,16.0,0.0
july27,Uttara Kannada,32.0,1778.0,89.0,986.0,775.0,1.0,17.0,0.0
july28,Uttara Kannada,47.0,1825.0,85.0,1071.0,736.0,1.0,18.0,0.0
july29,Uttara Kannada,75.0,1900.0,106.0,1177.0,703.0,2.0,20.0,0.0
july30,Uttara Kannada,120.0,2020.0,50.0,1227.0,771.0,2.0,22.0,0.0
july31,Uttara Kannada,92.0,2112.0,82.0,1309.0,780.0,1.0,23.0,0.0
aug01,Uttara Kannada,51.0,2163.0,65.0,1374.0,765.0,1.0,24.0,0.0
aug02,Uttara Kannada,26.0,2189.0,71.0,1445.0,720.0,0.0,24.0,0.0
aug03,Uttara Kannada,31.0,2220.0,64.0,1509.0,686.0,1.0,25.0,0.0
aug04,Uttara Kannada,57.0,2277.0,0.0,1509.0,743.0,0.0,25.0,0.0
aug05,Uttara Kannada,125.0,2402.0,78.0,1587.0,790.0,0.0,25.0,0.0
aug06,Uttara Kannada,77.0,2479.0,72.0,1659.0,794.0,1.0,26.0,0.0
aug07,Uttara Kannada,120.0,2599.0,78.0,1737.0,836.0,0.0,26.0,0.0
aug08,Uttara Kannada,117.0,2716.0,69.0,1806.0,884.0,0.0,26.0,0.0
aug09,Uttara Kannada,59.0,2775.0,35.0,1841.0,908.0,0.0,26.0,0.0
aug10,Uttara Kannada,53.0,2828.0,40.0,1881.0,921.0,0.0,26.0,0.0
aug11,Uttara Kannada,73.0,2901.0,69.0,1950.0,925.0,0.0,26.0,0.0
aug12,Uttara Kannada,84.0,2985.0,74.0,2024.0,935.0,0.0,26.0,0.0
aug13,Uttara Kannada,64.0,3049.0,43.0,2067.0,954.0,2.0,28.0,0.0
aug14,Uttara Kannada,87.0,3136.0,117.0,2184.0,923.0,1.0,29.0,0.0
aug15,Uttara Kannada,75.0,3211.0,42.0,2226.0,955.0,1.0,30.0,0.0
aug16,Uttara Kannada,61.0,3272.0,110.0,2336.0,904.0,2.0,32.0,0.0
aug17,Uttara Kannada,89.0,3361.0,39.0,2375.0,953.0,1.0,33.0,0.0
aug18,Uttara Kannada,80.0,3441.0,113.0,2488.0,919.0,1.0,34.0,0.0
aug19,Uttara Kannada,119.0,3560.0,130.0,2618.0,907.0,1.0,35.0,0.0
aug20,Uttara Kannada,115.0,3675.0,116.0,2734.0,903.0,3.0,38.0,0.0
aug21,Uttara Kannada,91.0,3766.0,127.0,2861.0,867.0,0.0,38.0,0.0
aug22,Uttara Kannada,64.0,3830.0,70.0,2931.0,860.0,1.0,39.0,0.0
aug23,Uttara Kannada,108.0,3938.0,63.0,2994.0,904.0,1.0,40.0,0.0
aug24,Uttara Kannada,91.0,4029.0,50.0,3044.0,944.0,1.0,41.0,0.0
aug25,Uttara Kannada,141,4170.0,107.0,3151.0,975.0,3.0,44.0,0.0
aug26,Uttara Kannada,129.0,4299.0,38.0,3189.0,1065.0,1.0,45.0,0.0
aug27,Uttara Kannada,164.0,4463.0,111.0,3300.0,1115.0,3.0,48.0,0.0
aug28,Uttara Kannada,147.0,4610.0,88.0,3388.0,1171.0,3.0,51.0,0.0
aug29,Uttara Kannada,130.0,4740.0,50.0,3438.0,1250.0,1.0,52.0,0.0
aug30,Uttara Kannada,113.0,4853.0,180.0,3618.0,1183.0,0.0,52.0,0.0
aug31,Uttara Kannada,86.0,4939.0,78.0,3696.0,1190.0,1.0,53.0,0.0
sep01,Uttara Kannada,114.0,5053.0,68.0,3764.0,1235.0,1.0,54.0,0.0
sep02,Uttara Kannada,126.0,5179.0,130.0,3894.0,1231.0,0.0,54.0,0.0
sep03,Uttara Kannada,182.0,5361.0,43.0,3937.0,1369.0,1.0,55.0,0.0
sep04,Uttara Kannada,178.0,5539.0,135.0,4072.0,1411.0,1.0,56.0,0.0
sep06,Uttara Kannada,247.0,5993.0,97.0,4248.0,1688.0,1.0,57.0,0.0
sep07,Uttara Kannada,77.0,6070.0,67.0,4314.0,1696.0,3.0,60.0,0.0
sep08,Uttara Kannada,24.0,6094.0,72.0,4386.0,1644.0,4.0,64.0,0.0
sep09,Uttara Kannada,260,6354.0,82.0,4468.0,1820.0,2.0,66.0,0.0
sep10,Uttara Kannada,214,6568.0,116.0,4584.0,1910.0,8.0,74.0,0.0
sep11,Uttara Kannada,114.0,6682.0,182.0,4766.0,1838.0,4.0,78.0,0.0
sep12,Uttara Kannada,130.0,6812.0,86.0,4852.0,1880.0,2.0,80.0,0.0
sep13,Uttara Kannada,141.0,6953.0,36.0,4888.0,1984.0,1.0,81.0,0.0
sep14,Uttara Kannada,191.0,7144.0,99.0,4987.0,2074.0,2.0,83.0,0.0
sep15,Uttara Kannada,195.0,7339.0,162.0,5149.0,2105.0,2.0,85.0,0.0
sep16,Uttara Kannada,294.0,7633.0,136.0,5285.0,2261.0,4.0,87.0,0.0
sep17,Uttara Kannada,127.0,7760.0,51.0,5336.0,2333.0,4.0,91.0,0.0
sep18,Uttara Kannada,181.0,7941.0,105.0,5441.0,2406.0,3.0,94.0,0.0
sep19,Uttara Kannada,129.0,8070.0,407.0,5848.0,2122.0,6.0,100.0,0.0
sep20,Uttara Kannada,108.0,8178.0,140.0,5988.0,2088.0,2.0,102.0,0.0
sep21,Uttara Kannada,184.0,8362.0,21.0,6009.0,2251.0,0.0,102.0,0.0
sep22,Uttara Kannada,155.0,8517.0,456.0,6465.0,1943.0,7.0,109.0,0.0
sep23,Uttara Kannada,115.0,8632.0,0.0,6465.0,2058.0,0.0,109.0,0.0
sep24,Uttara Kannada,109.0,8741.0,38.0,6503.0,2129.0,0.0,109.0,0.0
sep25,Uttara Kannada,92.0,8833.0,63.0,6566.0,2158.0,0.0,109.0,0.0
sep26,Uttara Kannada,104.0,8937.0,51.0,6617.0,2211.0,0.0,109.0,0.0
sep27,Uttara Kannada,100.0,9037.0,47.0,6664.0,2264.0,0.0,109.0,0.0
sep28,Uttara Kannada,176.0,9213.0,43.0,6707.0,2395.0,2.0,111.0,0.0
sep29,Uttara Kannada,125.0,9338.0,54.0,6761.0,2466.0,0.0,111.0,0.0
sep30,Uttara Kannada,146.0,9484.0,142.0,6903.0,2470.0,0.0,111.0,0.0
oct01,Uttara Kannada,87,9571.0,34.0,6937.0,2523.0,0.0,111.0,0.0
oct02,Uttara Kannada,80,9651.0,18.0,6955.0,2585.0,0.0,111.0,0.0
oct03,Uttara Kannada,92,9743.0,32.0,6987.0,2641.0,4.0,115.0,0.0
oct04,Uttara Kannada,84,9827.0,42.0,7029.0,2683.0,0.0,115.0,0.0
oct05,Uttara Kannada,64,9891.0,40.0,7069.0,2707.0,0.0,115.0,0.0
oct06,Uttara Kannada,150,10041.0,286.0,7355.0,2571.0,0.0,115.0,0.0
oct07,Uttara Kannada,462,10503.0,818.0,8173.0,2208.0,7.0,122.0,0.0
oct08,Uttara Kannada,213,10716.0,335.0,8508.0,2084.0,2.0,124.0,0.0
oct09,Uttara Kannada,196,10912.0,296.0,8804.0,1981.0,3.0,127.0,0.0
oct10,Uttara Kannada,89,11001.0,234.0,9038.0,1834.0,2.0,129.0,0.0
oct11,Uttara Kannada,115,11116.0,597.0,9635.0,1350.0,2.0,131.0,0.0
oct12,Uttara Kannada,151,11267.0,162.0,9797.0,1336.0,3.0,134.0,0.0
oct13,Uttara Kannada,115,11382.0,226.0,10023.0,1224.0,1.0,135.0,0.0
oct14,Uttara Kannada,192,11574.0,99.0,10122.0,1314.0,3.0,138.0,0.0
oct15,Uttara Kannada,57,11631.0,101.0,10223.0,1268.0,2.0,140.0,0.0
oct16,Uttara Kannada,111,11742.0,131.0,10354.0,1244.0,4.0,144.0,0.0
oct17,Uttara Kannada,123,11865.0,116.0,10470.0,1247.0,4.0,148.0,0.0
oct18,Uttara Kannada,92,11957.0,115.0,10585.0,1222.0,2.0,150.0,0.0
oct19,Uttara Kannada,28,11985.0,58.0,10643.0,1192.0,0.0,150.0,0.0
oct20,Uttara Kannada,180,12165.0,125.0,10768.0,1246.0,1.0,151.0,0.0
oct21,Uttara Kannada,74,12239.0,105.0,10873.0,1215.0,0.0,151.0,0.0
oct22,Uttara Kannada,60,12299.0,199.0,11072.0,1076.0,0.0,151.0,0.0
oct24,Uttara Kannada,48,12460.0,92.0,11264.0,1045.0,0.0,151.0,0.0
oct25,Uttara Kannada,46,12506.0,51.0,11315.0,1040.0,0.0,151.0,0.0
oct26,Uttara Kannada,51,12557.0,87.0,11402.0,1003.0,1.0,152.0,0.0
oct27,Uttara Kannada,78,12635.0,170.0,11572.0,909.0,2.0,154.0,0.0
oct28,Uttara Kannada,31,12666.0,133.0,11705.0,806.0,1.0,155.0,0.0
oct29,Uttara Kannada,99,12765.0,52.0,11757.0,853.0,0.0,155.0,0.0
oct30,Uttara Kannada,51,12816.0,92.0,11849.0,812.0,0.0,155.0,0.0
oct31,Uttara Kannada,24,12840.0,25.0,11874.0,811.0,0.0,155.0,0.0
dec01,Uttara Kannada,31,13801.0,38.0,13454.0,176.0,0.0,171.0,0.0
dec02,Uttara Kannada,20,13821.0,36.0,13490.0,160.0,0.0,171.0,0.0
dec03,Uttara Kannada,20,13841.0,17.0,13507.0,163.0,0.0,171.0,0.0
dec04,Uttara Kannada,13,13854.0,13.0,13520.0,163.0,0.0,171.0,0.0
dec05,Uttara Kannada,30,13884.0,27.0,13547.0,165.0,1.0,172.0,0.0
dec06,Uttara Kannada,10,13894.0,29.0,13576.0,146.0,0.0,172.0,0.0
dec07,Uttara Kannada,15,13909.0,12.0,13588.0,149.0,0.0,172.0,0.0
dec08,Uttara Kannada,22,13931.0,26.0,13614.0,145.0,0.0,172.0,0.0
dec09,Uttara Kannada,15,13946.0,17.0,13631.0,143.0,0.0,172.0,0.0
dec10,Uttara Kannada,12,13958.0,18.0,13649.0,137.0,0.0,172.0,0.0
dec11,Uttara Kannada,12,13970.0,20.0,13669.0,129.0,0.0,172.0,0.0
dec12,Uttara Kannada,20,13990.0,11.0,13680.0,138.0,0.0,172.0,0.0
dec13,Uttara Kannada,22,14012.0,13.0,13693.0,147.0,0.0,172.0,0.0
dec14,Uttara Kannada,18,14030.0,8.0,13701.0,156.0,1.0,173.0,0.0
dec15,Uttara Kannada,16,14046.0,18.0,13719.0,153.0,1.0,174.0,0.0
dec16,Uttara Kannada,8,14054.0,26.0,13745.0,135.0,0.0,174.0,0.0
dec17,Uttara Kannada,14,14068.0,16.0,13761.0,133.0,0.0,174.0,0.0
dec18,Uttara Kannada,19,14087.0,20.0,13781.0,132.0,0.0,174.0,0.0
dec19,Uttara Kannada,17,14104.0,40.0,13821.0,108.0,1.0,175.0,0.0
dec20,Uttara Kannada,14,14118.0,16.0,13837.0,106.0,0.0,175.0,0.0
dec21,Uttara Kannada,10,14128.0,10.0,13847.0,106.0,0.0,175.0,0.0
dec22,Uttara Kannada,6,14134.0,7.0,13854.0,105.0,0.0,175.0,0.0
dec23,Uttara Kannada,13,14147.0,23.0,13877.0,95.0,0.0,175.0,0.0
dec24,Uttara Kannada,14,14161.0,9.0,13886.0,100.0,0.0,175.0,0.0
dec25,Uttara Kannada,14,14175.0,11.0,13897.0,103.0,0.0,175.0,0.0
dec26,Uttara Kannada,13,14188.0,14.0,13911.0,102.0,0.0,175.0,0.0
dec27,Uttara Kannada,11,14199.0,10.0,13921.0,103.0,0.0,175.0,0.0
dec28,Uttara Kannada,8,14207.0,13.0,13934.0,97.0,1.0,176.0,0.0
dec29,Uttara Kannada,5,14212.0,10.0,13944.0,92.0,0.0,176.0,0.0
dec30,Uttara Kannada,7,14219.0,12.0,13956.0,87.0,0.0,176.0,0.0
dec31,Uttara Kannada,9,14228.0,22.0,13978.0,74.0,0.0,176.0,0.0
jan01,Uttara Kannada,16,14244.0,9.0,13987.0,81.0,0.0,176.0,0.0
jan02,Uttara Kannada,28,14272.0,6.0,13993.0,103.0,0.0,176.0,0.0
jan03,Uttara Kannada,7,14279.0,5.0,13998.0,105.0,0.0,176.0,0.0
jan04,Uttara Kannada,12,14291.0,26.0,14024.0,91.0,0.0,176.0,0.0
jan05,Uttara Kannada,15,14306.0,15.0,14039.0,90.0,1.0,177.0,0.0
jan06,Uttara Kannada,9,14315.0,21.0,14060.0,78.0,0.0,177.0,0.0
jan07,Uttara Kannada,12,14327.0,13.0,14073.0,77.0,0.0,177.0,0.0
jan08,Uttara Kannada,18,14345.0,10.0,14083.0,85.0,0.0,177.0,0.0
jan09,Uttara Kannada,11,14356.0,16.0,14099.0,80.0,0.0,177.0,0.0
jan10,Uttara Kannada,13,14369.0,15.0,14114.0,78.0,0.0,177.0,0.0
jan11,Uttara Kannada,7,14376.0,16.0,14130.0,69.0,0.0,177.0,0.0
jan12,Uttara Kannada,10,14386.0,6.0,14136.0,73.0,0.0,177.0,0.0
jan13,Uttara Kannada,5,14391.0,8.0,14144.0,69.0,1.0,178.0,0.0
jan14,Uttara Kannada,12,14403.0,10.0,14154.0,71.0,0.0,178.0,0.0
jan15,Uttara Kannada,15,14418.0,13.0,14167.0,73.0,0.0,178.0,0.0
jan16,Uttara Kannada,16,14434.0,9.0,14176.0,80.0,0.0,178.0,0.0
jan17,Uttara Kannada,7,14441.0,12.0,14188.0,75.0,0.0,178.0,0.0
jan18,Uttara Kannada,7,14448.0,8.0,14196.0,74.0,0.0,178.0,0.0
jan19,Uttara Kannada,17,14465.0,9.0,14205.0,82.0,0.0,178.0,0.0
jan20,Uttara Kannada,4,14469.0,11.0,14216.0,75.0,0.0,178.0,0.0
jan21,Uttara Kannada,8,14477.0,5.0,14221.0,78.0,0.0,178.0,0.0
jan22,Uttara Kannada,3,14480.0,14.0,14235.0,67.0,0.0,178.0,0.0
jan23,Uttara Kannada,15,14495.0,6.0,14241.0,76.0,0.0,178.0,0.0
jan24,Uttara Kannada,8,14503.0,7.0,14248.0,77.0,0.0,178.0,0.0
jan25,Uttara Kannada,7,14510.0,22.0,14270.0,62.0,0.0,178.0,0.0
jan26,Uttara Kannada,16,14526.0,7.0,14277.0,71.0,0.0,178.0,0.0
jan27,Uttara Kannada,14,14540.0,7.0,14284.0,78.0,0.0,178.0,0.0
jan28,Uttara Kannada,9,14549.0,14.0,14298.0,73.0,0.0,178.0,0.0
jan29,Uttara Kannada,6.0,14555.0,9.0,14307.0,70.0,0.0,178.0,0.0
jan30,Uttara Kannada,2,14557.0,11.0,14318.0,61.0,0.0,178.0,0.0
jan31,Uttara Kannada,17,14574.0,14.0,14332.0,64.0,0.0,178.0,0.0
feb01,Uttara Kannada,10,14584.0,5.0,14337.0,69.0,0.0,178.0,0.0
feb02,Uttara Kannada,7,14591.0,4.0,14341.0,72.0,0.0,178.0,0.0
feb03,Uttara Kannada,1.0,14592.0,7.0,14348.0,66.0,0.0,178.0,0.0
feb04,Uttara Kannada,4.0,14596.0,12.0,14360.0,58.0,0.0,178.0,0.0
feb05,Uttara Kannada,17.0,14613.0,16.0,14376.0,59.0,0.0,178.0,0.0
feb06,Uttara Kannada,12,14625.0,11.0,14387.0,60.0,0.0,178.0,0.0
feb07,Uttara Kannada,3,14628.0,7.0,14394.0,56.0,0.0,178.0,0.0
feb08,Uttara Kannada,2,14630.0,7.0,14401.0,51.0,0.0,178.0,0.0
feb09,Uttara Kannada,5,14635.0,6.0,14407.0,50.0,0.0,178.0,0.0
feb10,Uttara Kannada,3,14638.0,6.0,14413.0,47.0,0.0,178.0,0.0
feb11,Uttara Kannada,7.0,14645.0,14.0,14427.0,40.0,0.0,178.0,0.0
feb12,Uttara Kannada,3.0,14648.0,2.0,14429.0,41.0,0.0,178.0,0.0
feb13,Uttara Kannada,3,14651.0,3.0,14432.0,41.0,0.0,178.0,0.0
feb14,Uttara Kannada,1,14652.0,3.0,14435.0,39.0,0.0,178.0,0.0
feb15,Uttara Kannada,7,14659.0,5.0,14440.0,41.0,0.0,178.0,0.0
feb16,Uttara Kannada,7,14666.0,7.0,14447.0,41.0,0.0,178.0,0.0
feb17,Uttara Kannada,5.0,14671.0,5.0,14452.0,41.0,0.0,178.0,0.0
feb18,Uttara Kannada,7.0,14678.0,4.0,14456.0,44.0,0.0,178.0,0.0
feb19,Uttara Kannada,3,14681.0,5.0,14461.0,42.0,0.0,178.0,0.0
feb20,Uttara Kannada,2,14683.0,5.0,14466.0,39.0,0.0,178.0,0.0
feb21,Uttara Kannada,6,14689.0,3.0,14469.0,42.0,0.0,178.0,0.0
feb22,Uttara Kannada,0,14689.0,3.0,14472.0,39.0,0.0,178.0,0.0
feb23,Uttara Kannada,0,14689.0,4.0,14476.0,35.0,0.0,178.0,0.0
feb24,Uttara Kannada,1,14690.0,4.0,14480.0,32.0,0.0,178.0,0.0
feb25,Uttara Kannada,2,14692.0,4.0,14484.0,30.0,0.0,178.0,0.0
feb26,Uttara Kannada,5,14697.0,9.0,14493.0,26.0,0.0,178.0,0.0
feb27,Uttara Kannada,0,14697.0,3.0,14496.0,23.0,0.0,178.0,0.0
feb28,Uttara Kannada,4,14701.0,3.0,14499.0,24.0,0.0,178.0,0.0
