date,District_Name,Todays_Positives,Total_Positives,Todays_Discharges,Total_Discharges,Total_Active_Cases,Todays_Covid_Deaths,Total_Covid_Deaths,Non_Covid_Deaths
july01,Vijayapura,28.0,427.0,3.0,308.0,110.0,,9.0,0.0
july02,Vijayapura,39.0,466.0,14.0,322.0,135.0,,9.0,0.0
july03,Vijayapura,4.0,470.0,28.0,350.0,109.0,,11.0,0.0
july04,Vijayapura,37.0,507.0,24.0,374.0,122.0,,11.0,0.0
july05,Vijayapura,51.0,558.0,30.0,404.0,143.0,,11.0,0.0
july06,Vijayapura,36.0,594.0,20.0,424.0,159.0,,11.0,0.0
july07,Vijayapura,22.0,616.0,18.0,442.0,163.0,,11.0,0.0
july08,Vijayapura,4.0,620.0,2.0,444.0,163.0,,13.0,0.0
july10,Vijayapura,89.0,710.0,13.0,463.0,234.0,,13.0,0.0
july11,Vijayapura,48.0,758.0,17.0,480.0,263.0,,15.0,0.0
july12,Vijayapura,0.0,758.0,10.0,490.0,252.0,1.0,16.0,0.0
july13,Vijayapura,86.0,844.0,84.0,574.0,254.0,0.0,16.0,0.0
july14,Vijayapura,52.0,896.0,80.0,654.0,223.0,3.0,19.0,0.0
july15,Vijayapura,80.0,976.0,0.0,654.0,303.0,0.0,19.0,0.0
july16,Vijayapura,144.0,1120.0,65.0,719.0,382.0,0.0,19.0,0.0
july17,Vijayapura,118.0,1238.0,84.0,803.0,415.0,1.0,20.0,0.0
july19,Vijayapura,171.0,1585.0,127.0,1033.0,531.0,1.0,21.0,0.0
july20,Vijayapura,160.0,1745.0,58.0,1091.0,632.0,1.0,22.0,0.0
july21,Vijayapura,13.0,1758.0,102.0,1193.0,542.0,1.0,23.0,0.0
july22,Vijayapura,52.0,1810.0,52.0,1245.0,542.0,0.0,23.0,0.0
july23,Vijayapura,20.0,1830.0,57.0,1302.0,504.0,1.0,24.0,0.0
july24,Vijayapura,158.0,1988.0,85.0,1387.0,577.0,0.0,24.0,0.0
july25,Vijayapura,175.0,2163.0,194.0,1581.0,558.0,0.0,24.0,0.0
july26,Vijayapura,132.0,2295.0,143.0,1724.0,546.0,1.0,25.0,0.0
july27,Vijayapura,110.0,2405.0,20.0,1744.0,634.0,2.0,27.0,0.0
july28,Vijayapura,153.0,2558.0,201.0,1945.0,585.0,1.0,28.0,0.0
july29,Vijayapura,90.0,2648.0,39.0,1984.0,635.0,1.0,29.0,0.0
july30,Vijayapura,124.0,2772.0,30.0,2014.0,729.0,0.0,29.0,0.0
july31,Vijayapura,118.0,2890.0,49.0,2061.0,795.0,5.0,34.0,0.0
aug01,Vijayapura,129.0,3019.0,55.0,2116.0,868.0,1.0,35.0,0.0
aug02,Vijayapura,113.0,3132.0,68.0,2184.0,912.0,1.0,36.0,0.0
aug03,Vijayapura,92.0,3224.0,9.0,2193.0,993.0,2.0,38.0,0.0
aug04,Vijayapura,71.0,3295.0,78.0,2271.0,985.0,1.0,39.0,0.0
aug05,Vijayapura,66.0,3361.0,63.0,2334.0,988.0,0.0,39.0,0.0
aug06,Vijayapura,58.0,3419.0,62.0,2396.0,983.0,1.0,40.0,0.0
aug07,Vijayapura,143.0,3562.0,128.0,2524.0,998.0,0.0,40.0,0.0
aug08,Vijayapura,143.0,3705.0,167.0,2691.0,973.0,1.0,41.0,0.0
aug09,Vijayapura,129.0,3834.0,110.0,2801.0,992.0,0.0,41.0,0.0
aug10,Vijayapura,139.0,3973.0,101.0,2902.0,1030.0,0.0,41.0,0.0
aug11,Vijayapura,121.0,4094.0,197.0,3099.0,952.0,2.0,43.0,0.0
aug12,Vijayapura,121.0,4215.0,90.0,3189.0,981.0,2.0,45.0,0.0
aug13,Vijayapura,121.0,4336.0,149.0,3338.0,951.0,2.0,47.0,0.0
aug14,Vijayapura,144.0,4480.0,122.0,3460.0,971.0,2.0,49.0,0.0
aug15,Vijayapura,232.0,4712.0,135.0,3595.0,1066.0,2.0,51.0,0.0
aug16,Vijayapura,158.0,4870.0,185.0,3780.0,1036.0,3.0,54.0,0.0
aug17,Vijayapura,106.0,4976.0,163.0,3943.0,976.0,3.0,57.0,0.0
aug18,Vijayapura,64.0,5040.0,220.0,4163.0,817.0,3.0,60.0,0.0
aug19,Vijayapura,107.0,5147.0,19.0,4182.0,903.0,2.0,62.0,0.0
aug20,Vijayapura,112.0,5259.0,150.0,4332.0,861.0,4.0,66.0,0.0
aug21,Vijayapura,124.0,5383.0,186.0,4518.0,795.0,4.0,70.0,0.0
aug22,Vijayapura,151.0,5534.0,130.0,4648.0,813.0,3.0,73.0,0.0
aug23,Vijayapura,134.0,5668.0,155.0,4803.0,788.0,4.0,77.0,0.0
aug24,Vijayapura,138.0,5806.0,90.0,4893.0,832.0,4.0,81.0,0.0
aug25,Vijayapura,135,5941.0,108.0,5001.0,855.0,4.0,85.0,0.0
aug26,Vijayapura,131.0,6072.0,102.0,5103.0,881.0,3.0,88.0,0.0
aug27,Vijayapura,121.0,6193.0,176.0,5279.0,823.0,3.0,91.0,0.0
aug28,Vijayapura,139.0,6332.0,152.0,5431.0,806.0,4.0,95.0,0.0
aug29,Vijayapura,130.0,6462.0,86.0,5517.0,846.0,4.0,99.0,0.0
aug30,Vijayapura,127.0,6589.0,196.0,5713.0,773.0,4.0,103.0,0.0
aug31,Vijayapura,84.0,6673.0,112.0,5825.0,742.0,3.0,106.0,0.0
sep01,Vijayapura,67.0,6740.0,112.0,5937.0,693.0,4.0,110.0,0.0
sep02,Vijayapura,122.0,6862.0,79.0,6016.0,733.0,3.0,113.0,0.0
sep03,Vijayapura,131.0,6993.0,173.0,6189.0,689.0,2.0,115.0,0.0
sep04,Vijayapura,85.0,7078.0,123.0,6312.0,649.0,2.0,117.0,0.0
sep06,Vijayapura,96.0,7277.0,125.0,6512.0,644.0,2.0,121.0,0.0
sep07,Vijayapura,112.0,7389.0,119.0,6637.0,629.0,2.0,123.0,0.0
sep08,Vijayapura,61.0,7450.0,73.0,6710.0,615.0,2.0,125.0,0.0
sep09,Vijayapura,57,7507.0,21.0,6731.0,649.0,2.0,127.0,0.0
sep10,Vijayapura,63,7570.0,55.0,6786.0,654.0,3.0,130.0,0.0
sep11,Vijayapura,92.0,7662.0,96.0,6882.0,648.0,2.0,132.0,0.0
sep12,Vijayapura,58.0,7720.0,73.0,6955.0,632.0,1.0,133.0,0.0
sep13,Vijayapura,30.0,7750.0,84.0,7039.0,577.0,1.0,134.0,0.0
sep14,Vijayapura,176.0,7926.0,68.0,7107.0,683.0,2.0,136.0,0.0
sep15,Vijayapura,131.0,8057.0,87.0,7194.0,725.0,2.0,138.0,0.0
sep16,Vijayapura,115.0,8172.0,65.0,7259.0,773.0,2.0,140.0,0.0
sep17,Vijayapura,107.0,8279.0,74.0,7333.0,804.0,2.0,142.0,0.0
sep18,Vijayapura,86.0,8365.0,77.0,7410.0,812.0,1.0,143.0,0.0
sep19,Vijayapura,87.0,8452.0,84.0,7494.0,813.0,2.0,145.0,0.0
sep20,Vijayapura,81.0,8533.0,102.0,7596.0,791.0,1.0,146.0,0.0
sep21,Vijayapura,102.0,8635.0,90.0,7686.0,801.0,2.0,148.0,0.0
sep22,Vijayapura,80.0,8715.0,75.0,7761.0,804.0,2.0,150.0,0.0
sep23,Vijayapura,82.0,8797.0,119.0,7880.0,765.0,2.0,152.0,0.0
sep24,Vijayapura,79.0,8876.0,138.0,8018.0,704.0,2.0,154.0,0.0
sep25,Vijayapura,183.0,9059.0,192.0,8210.0,693.0,2.0,156.0,0.0
sep26,Vijayapura,67.0,9126.0,109.0,8319.0,649.0,2.0,158.0,0.0
sep27,Vijayapura,35.0,9161.0,93.0,8412.0,588.0,3.0,161.0,0.0
sep28,Vijayapura,117.0,9278.0,62.0,8474.0,642.0,1.0,162.0,0.0
sep29,Vijayapura,138.0,9416.0,81.0,8555.0,698.0,1.0,163.0,0.0
sep30,Vijayapura,80.0,9496.0,79.0,8634.0,698.0,1.0,164.0,0.0
oct01,Vijayapura,257,9753.0,73.0,8707.0,881.0,1.0,165.0,0.0
oct02,Vijayapura,146,9899.0,61.0,8768.0,965.0,1.0,166.0,0.0
oct03,Vijayapura,97,9996.0,131.0,8899.0,930.0,1.0,167.0,0.0
oct04,Vijayapura,152,10148.0,43.0,8942.0,1038.0,1.0,168.0,0.0
oct05,Vijayapura,136,10284.0,79.0,9021.0,1094.0,1.0,169.0,0.0
oct06,Vijayapura,80,10364.0,57.0,9078.0,1116.0,1.0,170.0,0.0
oct07,Vijayapura,73,10437.0,89.0,9167.0,1099.0,1.0,171.0,0.0
oct08,Vijayapura,110,10547.0,113.0,9280.0,1095.0,1.0,172.0,0.0
oct09,Vijayapura,92,10639.0,156.0,9436.0,1030.0,1.0,173.0,0.0
oct10,Vijayapura,130,10769.0,236.0,9672.0,923.0,1.0,174.0,0.0
oct11,Vijayapura,165,10934.0,140.0,9812.0,947.0,1.0,175.0,0.0
oct12,Vijayapura,91,11025.0,89.0,9901.0,948.0,1.0,176.0,0.0
oct13,Vijayapura,87,11112.0,132.0,10033.0,902.0,1.0,177.0,0.0
oct14,Vijayapura,128,11240.0,135.0,10168.0,893.0,2.0,179.0,0.0
oct15,Vijayapura,160,11400.0,216.0,10384.0,835.0,2.0,181.0,0.0
oct16,Vijayapura,73,11473.0,136.0,10520.0,770.0,2.0,183.0,0.0
oct17,Vijayapura,69,11542.0,177.0,10697.0,661.0,1.0,184.0,0.0
oct18,Vijayapura,95,11637.0,128.0,10825.0,627.0,1.0,185.0,0.0
oct19,Vijayapura,44,11681.0,172.0,10997.0,498.0,1.0,186.0,0.0
oct20,Vijayapura,80,11761.0,89.0,11086.0,488.0,1.0,187.0,0.0
oct21,Vijayapura,38,11799.0,75.0,11161.0,450.0,1.0,188.0,0.0
oct22,Vijayapura,83,11882.0,93.0,11254.0,439.0,1.0,189.0,0.0
oct24,Vijayapura,62,12036.0,81.0,11407.0,438.0,1.0,191.0,0.0
oct25,Vijayapura,49,12085.0,98.0,11505.0,389.0,0.0,191.0,0.0
oct26,Vijayapura,63,12148.0,59.0,11564.0,393.0,0.0,191.0,0.0
oct27,Vijayapura,128,12276.0,63.0,11627.0,457.0,1.0,192.0,0.0
oct28,Vijayapura,37,12313.0,39.0,11666.0,454.0,1.0,193.0,0.0
oct29,Vijayapura,71,12384.0,52.0,11718.0,472.0,1.0,194.0,0.0
oct30,Vijayapura,75,12459.0,72.0,11790.0,475.0,0.0,194.0,0.0
oct31,Vijayapura,122,12581.0,69.0,11859.0,527.0,1.0,195.0,0.0
dec01,Vijayapura,12,13792.0,22.0,13472.0,119.0,0.0,201.0,0.0
dec02,Vijayapura,22,13814.0,22.0,13494.0,118.0,1.0,202.0,0.0
dec03,Vijayapura,12,13826.0,24.0,13518.0,106.0,0.0,202.0,0.0
dec04,Vijayapura,12,13838.0,11.0,13529.0,107.0,0.0,202.0,0.0
dec05,Vijayapura,9,13847.0,26.0,13555.0,90.0,0.0,202.0,0.0
dec06,Vijayapura,13,13860.0,11.0,13566.0,92.0,0.0,202.0,0.0
dec07,Vijayapura,14,13874.0,15.0,13581.0,91.0,0.0,202.0,0.0
dec08,Vijayapura,6,13880.0,10.0,13591.0,87.0,0.0,202.0,0.0
dec09,Vijayapura,10,13890.0,12.0,13603.0,85.0,0.0,202.0,0.0
dec10,Vijayapura,16,13906.0,16.0,13619.0,85.0,0.0,202.0,0.0
dec11,Vijayapura,14,13920.0,9.0,13628.0,89.0,1.0,203.0,0.0
dec12,Vijayapura,18,13938.0,13.0,13641.0,94.0,0.0,203.0,0.0
dec13,Vijayapura,11,13949.0,16.0,13657.0,89.0,0.0,203.0,0.0
dec14,Vijayapura,15,13964.0,19.0,13676.0,85.0,0.0,203.0,0.0
dec15,Vijayapura,17,13981.0,8.0,13684.0,94.0,0.0,203.0,0.0
dec16,Vijayapura,6,13987.0,7.0,13691.0,93.0,0.0,203.0,0.0
dec17,Vijayapura,14,14001.0,7.0,13698.0,100.0,0.0,203.0,0.0
dec18,Vijayapura,25,14026.0,13.0,13711.0,112.0,0.0,203.0,0.0
dec19,Vijayapura,10,14036.0,12.0,13723.0,110.0,0.0,203.0,0.0
dec20,Vijayapura,23,14059.0,11.0,13734.0,121.0,1.0,204.0,0.0
dec21,Vijayapura,15,14074.0,22.0,13756.0,114.0,0.0,204.0,0.0
dec22,Vijayapura,8,14082.0,12.0,13768.0,110.0,0.0,204.0,0.0
dec23,Vijayapura,17,14099.0,12.0,13780.0,115.0,0.0,204.0,0.0
dec24,Vijayapura,21,14120.0,19.0,13799.0,117.0,0.0,204.0,0.0
dec25,Vijayapura,12,14132.0,11.0,13810.0,118.0,0.0,204.0,0.0
dec26,Vijayapura,12,14144.0,19.0,13829.0,111.0,0.0,204.0,0.0
dec27,Vijayapura,5,14149.0,25.0,13854.0,91.0,0.0,204.0,0.0
dec28,Vijayapura,9,14158.0,14.0,13868.0,86.0,0.0,204.0,0.0
dec29,Vijayapura,5,14163.0,17.0,13885.0,74.0,0.0,204.0,0.0
dec30,Vijayapura,19,14182.0,9.0,13894.0,84.0,0.0,204.0,0.0
dec31,Vijayapura,7,14189.0,18.0,13912.0,72.0,1.0,205.0,0.0
jan01,Vijayapura,19,14208.0,12.0,13924.0,79.0,0.0,205.0,0.0
jan02,Vijayapura,25,14233.0,8.0,13932.0,96.0,0.0,205.0,0.0
jan03,Vijayapura,8,14241.0,10.0,13942.0,94.0,0.0,205.0,0.0
jan04,Vijayapura,11,14252.0,13.0,13955.0,91.0,1.0,206.0,0.0
jan05,Vijayapura,9,14261.0,22.0,13977.0,78.0,0.0,206.0,0.0
jan06,Vijayapura,7,14268.0,12.0,13989.0,73.0,0.0,206.0,0.0
jan07,Vijayapura,15,14283.0,13.0,14002.0,75.0,0.0,206.0,0.0
jan08,Vijayapura,6,14289.0,19.0,14021.0,62.0,0.0,206.0,0.0
jan09,Vijayapura,15,14304.0,11.0,14032.0,66.0,0.0,206.0,0.0
jan10,Vijayapura,6,14310.0,9.0,14041.0,63.0,0.0,206.0,0.0
jan11,Vijayapura,5,14315.0,5.0,14046.0,63.0,0.0,206.0,0.0
jan12,Vijayapura,9,14324.0,7.0,14053.0,65.0,0.0,206.0,0.0
jan13,Vijayapura,3,14327.0,4.0,14057.0,64.0,0.0,206.0,0.0
jan14,Vijayapura,4,14331.0,12.0,14069.0,56.0,0.0,206.0,0.0
jan15,Vijayapura,7,14338.0,9.0,14078.0,54.0,0.0,206.0,0.0
jan16,Vijayapura,15,14353.0,7.0,14085.0,62.0,0.0,206.0,0.0
jan17,Vijayapura,11,14364.0,5.0,14090.0,68.0,0.0,206.0,0.0
jan18,Vijayapura,2,14366.0,3.0,14093.0,67.0,0.0,206.0,0.0
jan19,Vijayapura,2,14368.0,6.0,14099.0,63.0,0.0,206.0,0.0
jan20,Vijayapura,12,14380.0,14.0,14113.0,61.0,0.0,206.0,0.0
jan21,Vijayapura,2,14382.0,18.0,14131.0,45.0,0.0,206.0,0.0
jan22,Vijayapura,3,14385.0,6.0,14137.0,42.0,0.0,206.0,0.0
jan23,Vijayapura,7,14392.0,10.0,14147.0,39.0,0.0,206.0,0.0
jan24,Vijayapura,2,14394.0,6.0,14153.0,35.0,0.0,206.0,0.0
jan25,Vijayapura,5,14399.0,9.0,14162.0,31.0,0.0,206.0,0.0
jan26,Vijayapura,2,14401.0,11.0,14173.0,22.0,0.0,206.0,0.0
jan27,Vijayapura,2,14403.0,3.0,14176.0,21.0,0.0,206.0,0.0
jan28,Vijayapura,2,14405.0,2.0,14178.0,21.0,0.0,206.0,0.0
jan29,Vijayapura,1.0,14406.0,3.0,14181.0,19.0,0.0,206.0,0.0
jan30,Vijayapura,3,14409.0,5.0,14186.0,17.0,0.0,206.0,0.0
jan31,Vijayapura,4,14413.0,6.0,14192.0,15.0,0.0,206.0,0.0
feb01,Vijayapura,4,14417.0,4.0,14196.0,15.0,0.0,206.0,0.0
feb02,Vijayapura,4,14421.0,2.0,14198.0,17.0,0.0,206.0,0.0
feb03,Vijayapura,0.0,14421.0,1.0,14199.0,16.0,0.0,206.0,0.0
feb04,Vijayapura,4.0,14425.0,2.0,14201.0,18.0,0.0,206.0,0.0
feb05,Vijayapura,2.0,14427.0,1.0,14202.0,19.0,0.0,206.0,0.0
feb06,Vijayapura,0,14427.0,3.0,14205.0,16.0,0.0,206.0,0.0
feb07,Vijayapura,7,14434.0,2.0,14207.0,21.0,0.0,206.0,0.0
feb08,Vijayapura,5,14439.0,6.0,14213.0,20.0,0.0,206.0,0.0
feb09,Vijayapura,6,14445.0,3.0,14216.0,23.0,0.0,206.0,0.0
feb10,Vijayapura,4,14449.0,4.0,14220.0,23.0,0.0,206.0,0.0
feb11,Vijayapura,5.0,14454.0,2.0,14222.0,26.0,0.0,206.0,0.0
feb12,Vijayapura,1.0,14455.0,4.0,14226.0,23.0,0.0,206.0,0.0
feb13,Vijayapura,3,14458.0,2.0,14228.0,24.0,0.0,206.0,0.0
feb14,Vijayapura,6,14464.0,6.0,14234.0,24.0,0.0,206.0,0.0
feb15,Vijayapura,0,14464.0,4.0,14238.0,20.0,0.0,206.0,0.0
feb16,Vijayapura,5,14469.0,2.0,14240.0,23.0,0.0,206.0,0.0
feb17,Vijayapura,6.0,14475.0,2.0,14242.0,27.0,0.0,206.0,0.0
feb18,Vijayapura,3.0,14478.0,10.0,14252.0,20.0,0.0,206.0,0.0
feb19,Vijayapura,9,14487.0,2.0,14254.0,27.0,0.0,206.0,0.0
feb20,Vijayapura,6,14493.0,1.0,14255.0,32.0,0.0,206.0,0.0
feb21,Vijayapura,10,14503.0,2.0,14257.0,40.0,0.0,206.0,0.0
feb22,Vijayapura,5,14508.0,5.0,14262.0,40.0,0.0,206.0,0.0
feb23,Vijayapura,1,14509.0,3.0,14265.0,38.0,0.0,206.0,0.0
feb24,Vijayapura,8,14517.0,1.0,14266.0,45.0,0.0,206.0,0.0
feb25,Vijayapura,4,14521.0,6.0,14272.0,43.0,0.0,206.0,0.0
feb26,Vijayapura,8,14529.0,5.0,14277.0,46.0,0.0,206.0,0.0
feb27,Vijayapura,7,14536.0,5.0,14282.0,48.0,0.0,206.0,0.0
feb28,Vijayapura,11,14547.0,2.0,14284.0,57.0,0.0,206.0,0.0
