date,District_Name,Todays_Positives,Total_Positives,Todays_Discharges,Total_Discharges,Total_Active_Cases,Todays_Covid_Deaths,Total_Covid_Deaths,Non_Covid_Deaths
july01,Yadagiri,8.0,949.0,14.0,838.0,110.0,,1.0,0.0
july02,Yadagiri,7.0,956.0,0.0,838.0,117.0,,1.0,0.0
july03,Yadagiri,14.0,970.0,17.0,855.0,114.0,,1.0,0.0
july04,Yadagiri,1.0,971.0,0.0,855.0,115.0,,1.0,0.0
july05,Yadagiri,0.0,971.0,12.0,867.0,103.0,,1.0,0.0
july06,Yadagiri,35.0,1006.0,2.0,869.0,136.0,,1.0,0.0
july07,Yadagiri,10.0,1016.0,0.0,869.0,146.0,,1.0,0.0
july08,Yadagiri,11.0,1027.0,3.0,872.0,154.0,,1.0,0.0
july10,Yadagiri,51.0,1094.0,5.0,877.0,216.0,,1.0,0.0
july11,Yadagiri,74.0,1168.0,6.0,883.0,284.0,,1.0,0.0
july12,Yadagiri,120.0,1288.0,11.0,894.0,393.0,0.0,1.0,0.0
july13,Yadagiri,162.0,1450.0,0.0,894.0,555.0,0.0,1.0,0.0
july14,Yadagiri,2.0,1452.0,0.0,894.0,557.0,0.0,1.0,0.0
july15,Yadagiri,49.0,1501.0,144.0,1038.0,462.0,0.0,1.0,0.0
july16,Yadagiri,34.0,1535.0,45.0,1083.0,451.0,0.0,1.0,0.0
july17,Yadagiri,4.0,1539.0,60.0,1143.0,395.0,0.0,1.0,0.0
july19,Yadagiri,10.0,1553.0,83.0,1363.0,189.0,0.0,1.0,0.0
july20,Yadagiri,43.0,1596.0,73.0,1436.0,159.0,0.0,1.0,0.0
july21,Yadagiri,117.0,1713.0,44.0,1480.0,232.0,0.0,1.0,0.0
july22,Yadagiri,43.0,1756.0,27.0,1507.0,248.0,0.0,1.0,0.0
july23,Yadagiri,55.0,1811.0,0.0,1507.0,303.0,0.0,1.0,0.0
july24,Yadagiri,53.0,1864.0,0.0,1507.0,356.0,0.0,1.0,0.0
july25,Yadagiri,68.0,1932.0,21.0,1528.0,402.0,1.0,2.0,0.0
july26,Yadagiri,56.0,1988.0,46.0,1574.0,412.0,0.0,2.0,0.0
july27,Yadagiri,64.0,2052.0,5.0,1579.0,471.0,0.0,2.0,0.0
july28,Yadagiri,67.0,2119.0,12.0,1591.0,526.0,0.0,2.0,0.0
july29,Yadagiri,114.0,2233.0,28.0,1619.0,612.0,0.0,2.0,0.0
july30,Yadagiri,58.0,2291.0,23.0,1642.0,646.0,1.0,3.0,0.0
july31,Yadagiri,56.0,2347.0,237.0,1879.0,464.0,1.0,4.0,0.0
aug01,Yadagiri,39.0,2386.0,15.0,1894.0,485.0,3.0,7.0,0.0
aug02,Yadagiri,39.0,2425.0,9.0,1903.0,515.0,0.0,7.0,0.0
aug03,Yadagiri,86.0,2511.0,12.0,1915.0,588.0,1.0,8.0,0.0
aug04,Yadagiri,76.0,2587.0,13.0,1928.0,649.0,2.0,10.0,0.0
aug05,Yadagiri,76.0,2663.0,39.0,1967.0,684.0,2.0,12.0,0.0
aug06,Yadagiri,37.0,2700.0,25.0,1992.0,695.0,1.0,13.0,0.0
aug07,Yadagiri,70.0,2770.0,71.0,2063.0,693.0,1.0,14.0,0.0
aug08,Yadagiri,200.0,2970.0,25.0,2088.0,866.0,2.0,16.0,0.0
aug09,Yadagiri,91.0,3061.0,31.0,2119.0,925.0,1.0,17.0,0.0
aug10,Yadagiri,68.0,3129.0,15.0,2134.0,978.0,0.0,17.0,0.0
aug11,Yadagiri,102.0,3231.0,82.0,2216.0,998.0,0.0,17.0,0.0
aug12,Yadagiri,107.0,3338.0,25.0,2241.0,1078.0,2.0,19.0,0.0
aug13,Yadagiri,83.0,3421.0,47.0,2288.0,1114.0,0.0,19.0,0.0
aug14,Yadagiri,116.0,3537.0,43.0,2331.0,1187.0,0.0,19.0,0.0
aug15,Yadagiri,64.0,3601.0,149.0,2480.0,1101.0,1.0,20.0,0.0
aug16,Yadagiri,236.0,3837.0,38.0,2518.0,1296.0,3.0,23.0,0.0
aug17,Yadagiri,69.0,3906.0,135.0,2653.0,1230.0,0.0,23.0,0.0
aug18,Yadagiri,107.0,4013.0,79.0,2732.0,1255.0,3.0,26.0,0.0
aug19,Yadagiri,41.0,4054.0,65.0,2797.0,1231.0,0.0,26.0,0.0
aug20,Yadagiri,68.0,4122.0,54.0,2851.0,1241.0,4.0,30.0,0.0
aug21,Yadagiri,255.0,4377.0,31.0,2882.0,1465.0,0.0,30.0,0.0
aug22,Yadagiri,123.0,4500.0,34.0,2916.0,1553.0,1.0,31.0,0.0
aug23,Yadagiri,73.0,4573.0,238.0,3154.0,1387.0,1.0,32.0,0.0
aug24,Yadagiri,122.0,4695.0,30.0,3184.0,1478.0,1.0,33.0,0.0
aug25,Yadagiri,132,4827.0,18.0,3202.0,1592.0,0.0,33.0,0.0
aug26,Yadagiri,102.0,4929.0,78.0,3280.0,1614.0,2.0,35.0,0.0
aug27,Yadagiri,112.0,5041.0,131.0,3411.0,1595.0,0.0,35.0,0.0
aug28,Yadagiri,66.0,5107.0,27.0,3438.0,1631.0,3.0,38.0,0.0
aug29,Yadagiri,98.0,5205.0,65.0,3503.0,1663.0,1.0,39.0,0.0
aug30,Yadagiri,67.0,5272.0,334.0,3837.0,1395.0,1.0,40.0,0.0
aug31,Yadagiri,122.0,5394.0,318.0,4155.0,1199.0,0.0,40.0,0.0
sep01,Yadagiri,142.0,5536.0,99.0,4254.0,1241.0,1.0,41.0,0.0
sep02,Yadagiri,106.0,5642.0,13.0,4267.0,1334.0,0.0,41.0,0.0
sep03,Yadagiri,112.0,5754.0,36.0,4303.0,1410.0,0.0,41.0,0.0
sep04,Yadagiri,94.0,5848.0,0.0,4303.0,1504.0,0.0,41.0,0.0
sep06,Yadagiri,139.0,6125.0,30.0,4668.0,1414.0,2.0,43.0,0.0
sep07,Yadagiri,137.0,6262.0,222.0,4892.0,1327.0,0.0,43.0,0.0
sep08,Yadagiri,79.0,6341.0,149.0,5041.0,1255.0,2.0,45.0,0.0
sep09,Yadagiri,95,6436.0,72.0,5113.0,1278.0,0.0,45.0,0.0
sep10,Yadagiri,103,6539.0,162.0,5275.0,1218.0,1.0,46.0,0.0
sep11,Yadagiri,98.0,6637.0,30.0,5305.0,1286.0,0.0,46.0,0.0
sep12,Yadagiri,151.0,6788.0,22.0,5327.0,1415.0,0.0,46.0,0.0
sep13,Yadagiri,235.0,7023.0,412.0,5739.0,1238.0,0.0,46.0,0.0
sep14,Yadagiri,104.0,7127.0,69.0,5808.0,1273.0,0.0,46.0,0.0
sep15,Yadagiri,76.0,7203.0,135.0,5943.0,1212.0,2.0,48.0,0.0
sep16,Yadagiri,109.0,7312.0,188.0,6131.0,1132.0,1.0,49.0,0.0
sep17,Yadagiri,50.0,7362.0,148.0,6279.0,1034.0,0.0,49.0,0.0
sep18,Yadagiri,143.0,7505.0,75.0,6354.0,1102.0,0.0,49.0,0.0
sep19,Yadagiri,127.0,7632.0,102.0,6456.0,1127.0,0.0,49.0,0.0
sep20,Yadagiri,116.0,7748.0,87.0,6543.0,1156.0,0.0,49.0,0.0
sep21,Yadagiri,44.0,7792.0,103.0,6646.0,1097.0,0.0,49.0,0.0
sep22,Yadagiri,55.0,7847.0,161.0,6807.0,991.0,0.0,49.0,0.0
sep23,Yadagiri,40.0,7887.0,189.0,6996.0,842.0,0.0,49.0,0.0
sep24,Yadagiri,42.0,7929.0,86.0,7082.0,798.0,0.0,49.0,0.0
sep25,Yadagiri,66.0,7995.0,63.0,7145.0,801.0,0.0,49.0,0.0
sep26,Yadagiri,133.0,8128.0,44.0,7189.0,890.0,0.0,49.0,0.0
sep27,Yadagiri,44.0,8172.0,88.0,7277.0,845.0,1.0,50.0,0.0
sep28,Yadagiri,82.0,8254.0,137.0,7414.0,789.0,1.0,51.0,0.0
sep29,Yadagiri,117.0,8371.0,127.0,7541.0,779.0,0.0,51.0,0.0
sep30,Yadagiri,59.0,8430.0,113.0,7654.0,725.0,0.0,51.0,0.0
oct01,Yadagiri,159,8589.0,34.0,7688.0,848.0,2.0,53.0,0.0
oct02,Yadagiri,145,8734.0,46.0,7734.0,947.0,0.0,53.0,0.0
oct03,Yadagiri,128,8862.0,38.0,7772.0,1036.0,1.0,54.0,0.0
oct04,Yadagiri,119,8981.0,41.0,7813.0,1114.0,0.0,54.0,0.0
oct05,Yadagiri,46,9027.0,90.0,7903.0,1070.0,0.0,54.0,0.0
oct06,Yadagiri,67,9094.0,112.0,8015.0,1025.0,0.0,54.0,0.0
oct07,Yadagiri,98,9192.0,79.0,8094.0,1044.0,0.0,54.0,0.0
oct08,Yadagiri,67,9259.0,64.0,8158.0,1045.0,2.0,56.0,0.0
oct09,Yadagiri,66,9325.0,94.0,8252.0,1017.0,0.0,56.0,0.0
oct10,Yadagiri,73,9398.0,54.0,8306.0,1035.0,1.0,57.0,0.0
oct11,Yadagiri,100,9498.0,117.0,8423.0,1017.0,1.0,58.0,0.0
oct12,Yadagiri,34,9532.0,116.0,8539.0,934.0,1.0,59.0,0.0
oct13,Yadagiri,53,9585.0,142.0,8681.0,844.0,1.0,60.0,0.0
oct14,Yadagiri,27,9612.0,97.0,8778.0,774.0,0.0,60.0,0.0
oct15,Yadagiri,7,9619.0,78.0,8856.0,703.0,0.0,60.0,0.0
oct16,Yadagiri,34,9653.0,110.0,8966.0,627.0,0.0,60.0,0.0
oct17,Yadagiri,76,9729.0,77.0,9043.0,626.0,0.0,60.0,0.0
oct18,Yadagiri,24,9753.0,81.0,9124.0,569.0,0.0,60.0,0.0
oct19,Yadagiri,15,9768.0,139.0,9263.0,445.0,0.0,60.0,0.0
oct20,Yadagiri,37,9805.0,47.0,9310.0,435.0,0.0,60.0,0.0
oct21,Yadagiri,31,9836.0,101.0,9411.0,365.0,0.0,60.0,0.0
oct22,Yadagiri,36,9872.0,68.0,9479.0,333.0,0.0,60.0,0.0
oct24,Yadagiri,27,9935.0,27.0,9558.0,317.0,0.0,60.0,0.0
oct25,Yadagiri,32,9967.0,10.0,9568.0,339.0,0.0,60.0,0.0
oct26,Yadagiri,9,9976.0,30.0,9598.0,317.0,1.0,61.0,0.0
oct27,Yadagiri,19,9995.0,68.0,9666.0,268.0,0.0,61.0,0.0
oct28,Yadagiri,13,10008.0,27.0,9693.0,254.0,0.0,61.0,0.0
oct29,Yadagiri,29,10037.0,40.0,9733.0,243.0,0.0,61.0,0.0
oct30,Yadagiri,17,10054.0,18.0,9751.0,242.0,0.0,61.0,0.0
oct31,Yadagiri,20,10074.0,31.0,9782.0,231.0,0.0,61.0,0.0
dec01,Yadagiri,10,10388.0,11.0,10254.0,73.0,0.0,61.0,0.0
dec02,Yadagiri,10,10398.0,9.0,10263.0,74.0,0.0,61.0,0.0
dec03,Yadagiri,7,10405.0,13.0,10276.0,68.0,0.0,61.0,0.0
dec04,Yadagiri,2,10407.0,10.0,10286.0,60.0,0.0,61.0,0.0
dec05,Yadagiri,14,10421.0,8.0,10294.0,66.0,0.0,61.0,0.0
dec06,Yadagiri,15,10436.0,5.0,10299.0,76.0,0.0,61.0,0.0
dec07,Yadagiri,26,10462.0,4.0,10303.0,98.0,0.0,61.0,0.0
dec08,Yadagiri,16,10478.0,1.0,10304.0,113.0,0.0,61.0,0.0
dec09,Yadagiri,9,10487.0,9.0,10313.0,113.0,0.0,61.0,0.0
dec10,Yadagiri,2,10489.0,4.0,10317.0,111.0,0.0,61.0,0.0
dec11,Yadagiri,3,10492.0,10.0,10327.0,104.0,0.0,61.0,0.0
dec12,Yadagiri,12,10504.0,10.0,10337.0,106.0,0.0,61.0,0.0
dec13,Yadagiri,7,10511.0,7.0,10344.0,106.0,0.0,61.0,0.0
dec14,Yadagiri,17,10528.0,2.0,10346.0,121.0,0.0,61.0,0.0
dec15,Yadagiri,1,10529.0,30.0,10376.0,92.0,0.0,61.0,0.0
dec16,Yadagiri,5,10534.0,16.0,10392.0,81.0,0.0,61.0,0.0
dec17,Yadagiri,5,10539.0,25.0,10417.0,61.0,0.0,61.0,0.0
dec18,Yadagiri,6,10545.0,17.0,10434.0,50.0,0.0,61.0,0.0
dec19,Yadagiri,5,10550.0,9.0,10443.0,46.0,0.0,61.0,0.0
dec20,Yadagiri,4,10554.0,2.0,10445.0,48.0,0.0,61.0,0.0
dec21,Yadagiri,3,10557.0,4.0,10449.0,47.0,0.0,61.0,0.0
dec22,Yadagiri,4,10561.0,7.0,10456.0,44.0,0.0,61.0,0.0
dec23,Yadagiri,2,10563.0,1.0,10457.0,45.0,0.0,61.0,0.0
dec24,Yadagiri,4,10567.0,10.0,10467.0,39.0,0.0,61.0,0.0
dec25,Yadagiri,3,10570.0,0.0,10467.0,42.0,0.0,61.0,0.0
dec26,Yadagiri,0,10570.0,5.0,10472.0,37.0,0.0,61.0,0.0
dec27,Yadagiri,1,10571.0,5.0,10477.0,33.0,0.0,61.0,0.0
dec28,Yadagiri,1,10572.0,6.0,10483.0,28.0,0.0,61.0,0.0
dec29,Yadagiri,1,10573.0,5.0,10488.0,24.0,0.0,61.0,0.0
dec30,Yadagiri,4,10577.0,4.0,10492.0,24.0,0.0,61.0,0.0
dec31,Yadagiri,7,10584.0,5.0,10497.0,26.0,0.0,61.0,0.0
jan01,Yadagiri,6,10590.0,6.0,10503.0,26.0,0.0,61.0,0.0
jan02,Yadagiri,2,10592.0,1.0,10504.0,27.0,0.0,61.0,0.0
jan03,Yadagiri,1,10593.0,4.0,10508.0,24.0,0.0,61.0,0.0
jan04,Yadagiri,9,10602.0,3.0,10511.0,30.0,0.0,61.0,0.0
jan05,Yadagiri,4,10606.0,2.0,10513.0,32.0,0.0,61.0,0.0
jan06,Yadagiri,7,10613.0,0.0,10513.0,39.0,0.0,61.0,0.0
jan07,Yadagiri,2,10615.0,1.0,10514.0,40.0,0.0,61.0,0.0
jan08,Yadagiri,3,10618.0,1.0,10515.0,42.0,0.0,61.0,0.0
jan09,Yadagiri,0,10618.0,3.0,10518.0,39.0,0.0,61.0,0.0
jan10,Yadagiri,7,10625.0,6.0,10524.0,40.0,0.0,61.0,0.0
jan11,Yadagiri,2,10627.0,5.0,10529.0,37.0,0.0,61.0,0.0
jan12,Yadagiri,4,10631.0,2.0,10531.0,39.0,0.0,61.0,0.0
jan13,Yadagiri,1,10632.0,2.0,10533.0,38.0,0.0,61.0,0.0
jan14,Yadagiri,2,10634.0,8.0,10541.0,32.0,0.0,61.0,0.0
jan15,Yadagiri,0,10634.0,4.0,10545.0,28.0,0.0,61.0,0.0
jan16,Yadagiri,0,10634.0,8.0,10553.0,20.0,0.0,61.0,0.0
jan17,Yadagiri,6,10640.0,2.0,10555.0,24.0,0.0,61.0,0.0
jan18,Yadagiri,4,10644.0,3.0,10558.0,25.0,0.0,61.0,0.0
jan19,Yadagiri,2,10646.0,0.0,10558.0,27.0,0.0,61.0,0.0
jan20,Yadagiri,0,10646.0,7.0,10565.0,20.0,0.0,61.0,0.0
jan21,Yadagiri,3,10649.0,3.0,10568.0,20.0,0.0,61.0,0.0
jan22,Yadagiri,2,10651.0,3.0,10571.0,19.0,0.0,61.0,0.0
jan23,Yadagiri,2,10653.0,2.0,10573.0,19.0,0.0,61.0,0.0
jan24,Yadagiri,0,10653.0,0.0,10573.0,19.0,0.0,61.0,0.0
jan25,Yadagiri,1,10654.0,0.0,10573.0,20.0,0.0,61.0,0.0
jan26,Yadagiri,4,10658.0,0.0,10573.0,24.0,0.0,61.0,0.0
jan27,Yadagiri,2,10660.0,6.0,10579.0,20.0,0.0,61.0,0.0
jan28,Yadagiri,2,10662.0,4.0,10583.0,18.0,0.0,61.0,0.0
jan29,Yadagiri,0.0,10662.0,2.0,10585.0,16.0,0.0,61.0,0.0
jan30,Yadagiri,1,10663.0,0.0,10585.0,17.0,0.0,61.0,0.0
jan31,Yadagiri,1,10664.0,3.0,10588.0,15.0,0.0,61.0,0.0
feb01,Yadagiri,2,10666.0,2.0,10590.0,15.0,0.0,61.0,0.0
feb02,Yadagiri,0,10666.0,1.0,10591.0,14.0,0.0,61.0,0.0
feb03,Yadagiri,0.0,10666.0,1.0,10592.0,13.0,0.0,61.0,0.0
feb04,Yadagiri,0.0,10666.0,0.0,10592.0,13.0,0.0,61.0,0.0
feb05,Yadagiri,0.0,10666.0,1.0,10593.0,12.0,0.0,61.0,0.0
feb06,Yadagiri,2,10668.0,4.0,10597.0,10.0,0.0,61.0,0.0
feb07,Yadagiri,1,10669.0,2.0,10599.0,9.0,0.0,61.0,0.0
feb08,Yadagiri,0,10669.0,2.0,10601.0,7.0,0.0,61.0,0.0
feb09,Yadagiri,1,10670.0,0.0,10601.0,8.0,0.0,61.0,0.0
feb10,Yadagiri,0,10670.0,1.0,10602.0,7.0,0.0,61.0,0.0
feb11,Yadagiri,5.0,10675.0,1.0,10603.0,11.0,0.0,61.0,0.0
feb12,Yadagiri,0.0,10675.0,2.0,10605.0,9.0,0.0,61.0,0.0
feb13,Yadagiri,0,10675.0,0.0,10605.0,9.0,0.0,61.0,0.0
feb14,Yadagiri,1,10676.0,0.0,10605.0,10.0,0.0,61.0,0.0
feb15,Yadagiri,0,10676.0,0.0,10605.0,10.0,0.0,61.0,0.0
feb16,Yadagiri,0,10676.0,2.0,10607.0,8.0,0.0,61.0,0.0
feb17,Yadagiri,2.0,10678.0,1.0,10608.0,9.0,0.0,61.0,0.0
feb18,Yadagiri,3.0,10681.0,0.0,10608.0,12.0,0.0,61.0,0.0
feb19,Yadagiri,1,10682.0,1.0,10609.0,12.0,0.0,61.0,0.0
feb20,Yadagiri,1,10683.0,5.0,10614.0,8.0,0.0,61.0,0.0
feb21,Yadagiri,0,10683.0,0.0,10614.0,8.0,0.0,61.0,0.0
feb22,Yadagiri,0,10683.0,0.0,10614.0,8.0,0.0,61.0,0.0
feb23,Yadagiri,2,10685.0,1.0,10615.0,9.0,0.0,61.0,0.0
feb24,Yadagiri,1,10686.0,0.0,10615.0,10.0,0.0,61.0,0.0
feb25,Yadagiri,0,10686.0,0.0,10615.0,10.0,0.0,61.0,0.0
feb26,Yadagiri,1,10687.0,2.0,10617.0,9.0,0.0,61.0,0.0
feb27,Yadagiri,1,10688.0,3.0,10620.0,7.0,0.0,61.0,0.0
feb28,Yadagiri,5,10693.0,0.0,10620.0,12.0,0.0,61.0,0.0
