Date,District Name,Today’s Positives,Total Positives,Today’s Discharges,Total Discharges,Total Active Cases,Today’s Reported Covid Deaths,Total Covid Deaths,Death due to Non- Covid reasons
2020-07-01,Bagalakote,20,208,6,123,80,0,5,0
2020-07-02,Bagalakote,10,218,0,123,90,0,5,0
2020-07-03,Bagalakote,8,226,0,123,98,0,5,0
2020-07-04,Bagalakote,0,226,0,123,98,0,5,0
2020-07-05,Bagalakote,4,230,14,137,88,0,5,0
2020-07-06,Bagalakote,33,263,0,137,120,1,6,0
2020-07-07,Bagalakote,26,289,4,141,141,1,7,0
2020-07-08,Bagalakote,24,313,9,150,156,0,7,0
2020-07-10,Bagalakote,6,355,0,150,198,0,7,0
2020-07-11,Bagalakote,37,392,0,150,233,2,9,0
2020-07-12,Bagalakote,7,399,28,178,210,2,11,0
2020-07-13,Bagalakote,37,436,31,209,214,2,13,0
2020-07-14,Bagalakote,78,514,0,209,288,4,17,0
2020-07-15,Bagalakote,34,548,0,209,319,3,20,0
2020-07-16,Bagalakote,39,587,7,216,346,5,25,0
2020-07-17,Bagalakote,29,616,0,216,374,1,26,0
2020-07-19,Bagalakote,60,689,21,264,394,2,31,0
2020-07-20,Bagalakote,54,743,0,264,445,3,34,0
2020-07-21,Bagalakote,65,808,54,318,456,0,34,0
2020-07-22,Bagalakote,70,878,0,318,524,2,36,0
2020-07-23,Bagalakote,106,984,0,318,630,0,36,0
2020-07-24,Bagalakote,184,1168,0,318,814,0,36,0
2020-07-25,Bagalakote,57,1225,159,477,712,0,36,0
2020-07-26,Bagalakote,41,1266,153,630,598,2,38,0
2020-07-27,Bagalakote,27,1293,13,643,610,2,40,0
2020-07-28,Bagalakote,115,1408,87,730,636,2,42,0
2020-07-29,Bagalakote,57,1465,21,751,670,2,44,0
2020-07-30,Bagalakote,126,1591,55,806,739,2,46,0
2020-07-31,Bagalakote,88,1679,0,806,826,1,47,0
2020-08-01,Bagalakote,134,1813,101,907,859,0,47,0
2020-08-02,Bagalakote,131,1944,60,967,928,2,49,0
2020-08-03,Bagalakote,209,2153,64,1031,1073,0,49,0
2020-08-04,Bagalakote,144,2297,28,1059,1188,1,50,0
2020-08-05,Bagalakote,149,2446,42,1101,1295,0,50,0
2020-08-06,Bagalakote,168,2614,33,1134,1429,1,51,0
2020-08-07,Bagalakote,148,2762,84,1218,1493,0,51,0
2020-08-08,Bagalakote,149,2911,376,1594,1266,0,51,0
2020-08-09,Bagalakote,149,3060,48,1642,1367,0,51,0
2020-08-10,Bagalakote,147,3207,333,1975,1180,1,52,0
2020-08-11,Bagalakote,135,3342,158,2133,1156,1,53,0
2020-08-12,Bagalakote,170,3512,212,2345,1114,0,53,0
2020-08-13,Bagalakote,143,3655,162,2507,1094,1,54,0
2020-08-14,Bagalakote,171,3826,296,2803,969,0,54,0
2020-08-15,Bagalakote,168,3994,138,2941,999,0,54,0
2020-08-16,Bagalakote,156,4150,44,2985,1111,0,54,0
2020-08-17,Bagalakote,164,4314,101,3086,1173,1,55,0
2020-08-18,Bagalakote,171,4485,264,3350,1079,1,56,0
2020-08-19,Bagalakote,163,4648,301,3651,941,0,56,0
2020-08-20,Bagalakote,159,4807,297,3948,803,0,56,0
2020-08-21,Bagalakote,115,4922,81,4029,837,0,56,0
2020-08-22,Bagalakote,138,5060,122,4151,852,1,57,0
2020-08-23,Bagalakote,139,5199,140,4291,850,1,58,0
2020-08-24,Bagalakote,53,5252,130,4421,770,3,61,0
2020-08-25,Bagalakote,83,5335,77,4498,776,0,61,0
2020-08-26,Bagalakote,154,5489,95,4593,830,5,66,0
2020-08-27,Bagalakote,121,5610,119,4712,829,3,69,0
2020-08-28,Bagalakote,148,5758,141,4853,833,3,72,0
2020-08-29,Bagalakote,152,5910,138,4991,846,1,73,0
2020-08-30,Bagalakote,132,6042,184,5175,794,0,73,0
2020-08-31,Bagalakote,172,6214,209,5384,756,1,74,0
2020-09-01,Bagalakote,136,6350,81,5465,809,2,76,0
2020-09-02,Bagalakote,166,6516,87,5552,888,0,76,0
2020-09-03,Bagalakote,123,6639,79,5631,931,1,77,0
2020-09-04,Bagalakote,98,6737,99,5730,929,1,78,0
2020-09-06,Bagalakote,180,7061,143,5937,1044,0,80,0
2020-09-07,Bagalakote,126,7187,126,6062,1044,1,81,0
2020-09-08,Bagalakote,212,7399,165,6227,1091,0,81,0
2020-09-09,Bagalakote,219,7618,169,6396,1139,2,83,0
2020-09-10,Bagalakote,77,7695,108,6504,1107,1,84,0
2020-09-11,Bagalakote,188,7883,129,6633,1165,1,85,0
2020-09-12,Bagalakote,175,8058,117,6750,1223,0,85,0
2020-09-13,Bagalakote,165,8223,52,6802,1336,0,85,0
2020-09-14,Bagalakote,166,8389,146,6948,1353,3,88,0
2020-09-15,Bagalakote,0,8389,0,6948,1353,0,88,0
2020-09-16,Bagalakote,158,8547,0,6948,1510,0,89,0
2020-09-17,Bagalakote,234,8781,671,7619,1069,4,93,0
2020-09-18,Bagalakote,206,8987,112,7731,1160,3,96,0
2020-09-19,Bagalakote,152,9139,54,7785,1257,1,97,0
2020-09-20,Bagalakote,90,9229,106,7891,1240,1,98,0
2020-09-21,Bagalakote,123,9352,154,8045,1207,2,100,0
2020-09-22,Bagalakote,77,9429,315,8360,967,2,102,0
2020-09-23,Bagalakote,50,9479,48,8408,969,0,102,0
2020-09-24,Bagalakote,60,9539,43,8451,986,0,102,0
2020-09-25,Bagalakote,135,9674,48,8499,1072,1,103,0
2020-09-26,Bagalakote,147,9821,42,8541,1176,1,104,0
2020-09-27,Bagalakote,46,9867,117,8658,1104,1,105,0
2020-09-28,Bagalakote,191,10058,71,8729,1224,0,105,0
2020-09-29,Bagalakote,128,10186,88,8817,1264,0,105,0
2020-09-30,Bagalakote,51,10237,468,9285,846,1,106,0
2020-10-01,Bagalakote,336,10573,69,9354,1112,1,107,0
2020-10-02,Bagalakote,68,10641,71,9425,1107,2,109,0
2020-10-03,Bagalakote,88,10729,207,9632,988,0,109,0
2020-10-04,Bagalakote,97,10826,145,9777,939,1,110,0
2020-10-05,Bagalakote,159,10985,148,9925,950,0,110,0
2020-10-06,Bagalakote,84,11069,92,10017,942,0,110,0
2020-10-07,Bagalakote,121,11190,150,10167,910,3,113,0
2020-10-08,Bagalakote,98,11288,334,10501,671,3,116,0
2020-10-09,Bagalakote,76,11364,108,10609,639,0,116,0
2020-10-10,Bagalakote,124,11488,145,10754,617,1,117,0
2020-10-11,Bagalakote,129,11617,79,10833,667,0,117,0
2020-10-12,Bagalakote,161,11778,69,10902,757,2,119,0
2020-10-13,Bagalakote,88,11866,92,10994,752,1,120,0
2020-10-14,Bagalakote,158,12024,95,11089,813,2,122,0
2020-10-15,Bagalakote,133,12157,48,11137,897,1,123,0
2020-10-16,Bagalakote,76,12233,111,11248,861,1,124,0
2020-10-17,Bagalakote,152,12385,143,11391,869,1,125,0
2020-10-18,Bagalakote,138,12523,79,11470,927,1,126,0
2020-10-19,Bagalakote,94,12617,65,11535,955,1,127,0
2020-10-20,Bagalakote,27,12644,37,11572,944,1,128,0
2020-10-21,Bagalakote,114,12758,185,11757,873,0,128,0
2020-10-22,Bagalakote,59,12817,258,12015,673,1,129,0
2020-10-24,Bagalakote,57,12891,150,12340,420,1,131,0
2020-10-25,Bagalakote,41,12932,112,12452,349,0,131,0
2020-10-26,Bagalakote,51,12983,72,12524,328,0,131,0
2020-10-27,Bagalakote,34,13017,77,12601,285,0,131,0
2020-10-28,Bagalakote,26,13043,46,12647,265,0,131,0
2020-10-29,Bagalakote,19,13062,49,12696,235,0,131,0
2020-10-30,Bagalakote,20,13082,50,12746,205,0,131,0
2020-10-31,Bagalakote,24,13106,54,12800,175,0,131,0
2020-12-01,Bagalakote,11,13516,9,13265,115,0,136,0
2020-12-02,Bagalakote,12,13528,27,13292,100,0,136,0
2020-12-03,Bagalakote,7,13535,10,13302,97,0,136,0
2020-12-04,Bagalakote,3,13538,23,13325,77,0,136,0
2020-12-05,Bagalakote,12,13550,7,13332,82,0,136,0
2020-12-06,Bagalakote,5,13555,8,13340,79,0,136,0
2020-12-07,Bagalakote,13,13568,8,13348,84,0,136,0
2020-12-08,Bagalakote,4,13572,7,13355,81,0,136,0
2020-12-09,Bagalakote,9,13581,14,13369,76,0,136,0
2020-12-10,Bagalakote,7,13588,10,13379,73,0,136,0
2020-12-11,Bagalakote,8,13596,12,13391,69,0,136,0
2020-12-12,Bagalakote,8,13604,6,13397,71,0,136,0
2020-12-13,Bagalakote,3,13607,11,13408,63,0,136,0
2020-12-14,Bagalakote,4,13611,8,13416,59,0,136,0
2020-12-15,Bagalakote,6,13617,4,13420,61,0,136,0
2020-12-16,Bagalakote,5,13622,9,13429,57,0,136,0
2020-12-17,Bagalakote,3,13625,10,13439,50,0,136,0
2020-12-18,Bagalakote,1,13626,4,13443,47,0,136,0
2020-12-19,Bagalakote,12,13638,10,13453,49,0,136,0
2020-12-20,Bagalakote,7,13645,5,13458,51,0,136,0
2020-12-21,Bagalakote,0,13645,3,13461,48,0,136,0
2020-12-22,Bagalakote,1,13646,13,13474,36,0,136,0
2020-12-23,Bagalakote,1,13647,1,13475,36,0,136,0
2020-12-24,Bagalakote,1,13648,6,13481,31,0,136,0
2020-12-25,Bagalakote,2,13650,5,13486,28,0,136,0
2020-12-26,Bagalakote,2,13652,4,13490,26,0,136,0
2020-12-27,Bagalakote,4,13656,5,13495,25,0,136,0
2020-12-28,Bagalakote,0,13656,7,13502,18,0,136,0
2020-12-29,Bagalakote,2,13658,5,13507,15,0,136,0
2020-12-30,Bagalakote,8,13666,1,13508,22,0,136,0
2020-12-31,Bagalakote,9,13675,2,13510,29,0,136,0
2021-01-01,Bagalakote,16,13691,6,13516,39,0,136,0
2021-01-02,Bagalakote,4,13695,4,13520,39,0,136,0
2021-01-03,Bagalakote,4,13699,0,13520,43,0,136,0
2021-01-04,Bagalakote,1,13700,6,13526,38,0,136,0
2021-01-05,Bagalakote,1,13701,6,13532,33,0,136,0
2021-01-06,Bagalakote,4,13705,0,13532,37,0,136,0
2021-01-07,Bagalakote,0,13705,0,13532,37,0,136,0
2021-01-08,Bagalakote,5,13710,3,13535,39,0,136,0
2021-01-09,Bagalakote,2,13712,10,13545,31,0,136,0
2021-01-10,Bagalakote,0,13712,4,13549,27,0,136,0
2021-01-11,Bagalakote,1,13713,2,13551,26,0,136,0
2021-01-12,Bagalakote,3,13716,1,13552,28,0,136,0
2021-01-13,Bagalakote,7,13723,7,13559,28,0,136,0
2021-01-14,Bagalakote,1,13724,7,13566,22,0,136,0
2021-01-15,Bagalakote,1,13725,3,13569,20,0,136,0
2021-01-16,Bagalakote,6,13731,3,13572,23,0,136,0
2021-01-17,Bagalakote,8,13739,3,13575,28,0,136,0
2021-01-18,Bagalakote,3,13742,4,13579,27,0,136,0
2021-01-19,Bagalakote,3,13745,4,13583,26,0,136,0
2021-01-20,Bagalakote,2,13747,2,13585,26,0,136,0
2021-01-21,Bagalakote,0,13747,7,13592,19,0,136,0
2021-01-22,Bagalakote,3,13750,3,13595,19,0,136,0
2021-01-23,Bagalakote,2,13752,2,13597,19,0,136,0
2021-01-24,Bagalakote,0,13752,0,13597,19,0,136,0
2021-01-25,Bagalakote,1,13753,2,13599,18,0,136,0
2021-01-26,Bagalakote,0,13753,6,13605,12,0,136,0
2021-01-27,Bagalakote,0,13753,2,13607,10,0,136,0
2021-01-28,Bagalakote,4,13757,2,13609,12,0,136,0
2021-01-29,Bagalakote,0,13757,1,13610,11,0,136,0
2021-01-30,Bagalakote,2,13759,2,13612,11,0,136,0
2021-01-31,Bagalakote,1,13760,0,13612,12,0,136,0
2021-02-01,Bagalakote,1,13761,1,13613,12,0,136,0
2021-02-02,Bagalakote,0,13761,2,13615,10,0,136,0
2021-02-03,Bagalakote,1,13762,0,13615,11,0,136,0
2021-02-04,Bagalakote,2,13764,0,13615,13,0,136,0
2021-02-05,Bagalakote,1,13765,5,13620,9,0,136,0
2021-02-06,Bagalakote,0,13765,0,13620,9,0,136,0
2021-02-07,Bagalakote,0,13765,0,13620,9,0,136,0
2021-02-08,Bagalakote,0,13765,1,13621,8,0,136,0
2021-02-09,Bagalakote,0,13765,1,13622,7,0,136,0
2021-02-10,Bagalakote,0,13765,1,13623,6,0,136,0
2021-02-11,Bagalakote,0,13765,0,13623,6,0,136,0
2021-02-12,Bagalakote,1,13766,2,13625,5,0,136,0
2021-02-13,Bagalakote,0,13766,0,13625,5,0,136,0
2021-02-14,Bagalakote,0,13766,0,13625,5,0,136,0
2021-02-15,Bagalakote,1,13767,0,13625,6,0,136,0
2021-02-16,Bagalakote,0,13767,1,13626,5,0,136,0
2021-02-17,Bagalakote,0,13767,1,13627,4,0,136,0
2021-02-18,Bagalakote,0,13767,0,13627,4,0,136,0
2021-02-19,Bagalakote,3,13770,0,13627,7,0,136,0
2021-02-20,Bagalakote,1,13771,0,13627,8,0,136,0
2021-02-21,Bagalakote,3,13774,1,13628,10,0,136,0
2021-02-22,Bagalakote,1,13775,0,13628,11,0,136,0
2021-02-23,Bagalakote,0,13775,0,13628,11,0,136,0
2021-02-24,Bagalakote,1,13776,1,13629,11,0,136,0
2021-02-25,Bagalakote,3,13779,1,13630,13,0,136,0
2021-02-26,Bagalakote,0,13779,3,13633,10,0,136,0
2021-02-27,Bagalakote,0,13779,0,13633,10,0,136,0
2021-02-28,Bagalakote,0,13779,2,13635,8,0,136,0
2021-03-01,Bagalakote,0,13779,1,13636,7,0,136,0
2021-03-02,Bagalakote,0,13779,1,13637,6,0,136,0
2021-03-03,Bagalakote,0,13779,1,13638,5,0,136,0
2021-03-04,Bagalakote,0,13779,1,13639,4,0,136,0
2021-03-05,Bagalakote,2,13781,3,13642,3,0,136,0
2021-03-06,Bagalakote,0,13781,0,13642,3,0,136,0
2021-03-07,Bagalakote,0,13781,0,13642,3,0,136,0
2021-03-08,Bagalakote,0,13781,0,13642,3,0,136,0
2021-03-09,Bagalakote,3,13784,0,13642,6,0,136,0
2021-03-10,Bagalakote,2,13786,0,13642,8,0,136,0
2021-03-11,Bagalakote,5,13791,0,13642,13,0,136,0
2021-03-12,Bagalakote,8,13799,1,13643,20,0,136,0
2021-03-13,Bagalakote,2,13801,0,13643,22,0,136,0
2021-03-14,Bagalakote,2,13803,3,13646,21,0,136,0
2021-03-15,Bagalakote,0,13803,1,13647,20,0,136,0
2021-03-16,Bagalakote,6,13809,1,13648,25,0,136,0
2021-03-17,Bagalakote,1,13810,3,13651,23,0,136,0
2021-03-18,Bagalakote,1,13811,5,13656,19,0,136,0
2021-03-19,Bagalakote,0,13811,2,13658,17,0,136,0
2021-03-20,Bagalakote,15,13826,2,13660,30,0,136,0
2021-03-21,Bagalakote,1,13827,2,13662,29,0,136,0
2021-03-22,Bagalakote,7,13834,2,13664,34,0,136,0
2021-03-23,Bagalakote,6,13840,2,13666,38,0,136,0
2021-03-24,Bagalakote,20,13860,3,13669,55,0,136,0
2021-03-25,Bagalakote,7,13867,5,13674,57,0,136,0
2021-03-26,Bagalakote,9,13876,2,13676,64,0,136,0
2021-03-27,Bagalakote,11,13887,2,13678,73,0,136,0
2021-03-28,Bagalakote,1,13888,2,13680,72,0,136,0
2021-03-29,Bagalakote,12,13900,6,13686,78,0,136,0
2021-03-30,Bagalakote,4,13904,6,13692,76,0,136,0
2021-03-31,Bagalakote,8,13912,20,13712,64,0,136,0
2021-04-01,Bagalakote,19,13931,2,13714,81,0,136,0
2021-04-02,Bagalakote,13,13944,13,13727,81,0,136,0
2021-04-03,Bagalakote,8,13952,8,13735,81,0,136,0
2021-04-04,Bagalakote,20,13972,9,13744,92,0,136,0
2021-04-05,Bagalakote,22,13994,8,13752,106,0,136,0
2021-04-06,Bagalakote,18,14012,3,13755,121,0,136,0
2021-04-07,Bagalakote,13,14025,5,13760,129,0,136,0
2021-04-08,Bagalakote,21,14046,4,13764,146,0,136,0
2021-04-09,Bagalakote,37,14083,6,13770,177,0,136,0
2021-04-10,Bagalakote,44,14127,45,13815,176,0,136,0
2021-04-11,Bagalakote,46,14173,26,13841,195,1,137,0
2021-04-12,Bagalakote,55,14228,27,13868,222,1,138,0
2021-04-13,Bagalakote,73,14301,36,13904,259,0,138,0
2021-04-14,Bagalakote,68,14369,44,13948,283,0,138,0
2021-04-15,Bagalakote,29,14398,82,14030,230,0,138,0
2021-04-16,Bagalakote,71,14469,13,14043,288,0,138,0
2021-04-17,Bagalakote,50,14519,57,14099,282,0,138,0
2021-04-18,Bagalakote,104,14623,59,14158,327,0,138,0
2021-04-19,Bagalakote,97,14720,75,14233,349,0,138,0
2021-04-20,Bagalakote,125,14845,12,14245,462,0,138,0
2021-04-21,Bagalakote,153,14998,29,14274,585,1,139,0
2021-04-22,Bagalakote,134,15132,115,14389,602,2,141,0
2021-04-23,Bagalakote,88,15220,25,14414,665,0,141,0
2021-04-24,Bagalakote,105,15325,52,14466,718,0,141,0
2021-04-25,Bagalakote,390,15715,68,14534,1040,0,141,0
2021-04-26,Bagalakote,418,16133,89,14623,1368,1,142,0
2021-04-27,Bagalakote,283,16416,79,14702,1571,1,143,0
2021-04-28,Bagalakote,333,16749,30,14732,1872,2,145,0
2021-04-29,Bagalakote,302,17051,189,14921,1984,1,146,0
2021-04-30,Bagalakote,234,17285,201,15122,2014,3,149,0
2021-05-01,Bagalakote,319,17604,300,15422,2030,3,152,0
2021-05-02,Bagalakote,691,18295,239,15661,2481,1,153,0
2021-05-03,Bagalakote,569,18864,230,15891,2815,5,158,0
2021-05-04,Bagalakote,676,19540,196,16087,3287,8,166,0
2021-05-05,Bagalakote,719,20259,242,16329,3761,3,169,0
2021-05-06,Bagalakote,655,20914,402,16731,4007,7,176,0
2021-05-07,Bagalakote,661,21575,199,16930,4462,7,183,0
2021-05-08,Bagalakote,1563,23138,336,17266,5686,3,186,0
2021-05-09,Bagalakote,1315,24453,262,17528,6734,5,191,0
2021-05-10,Bagalakote,968,25421,461,17989,7226,15,206,0
2021-05-11,Bagalakote,676,26097,920,18909,6979,3,209,0
2021-05-12,Bagalakote,610,26707,831,19740,6756,2,211,0
2021-05-13,Bagalakote,520,27227,214,19954,7062,0,211,0
2021-05-14,Bagalakote,773,28000,591,20545,7230,14,225,0
2021-05-15,Bagalakote,584,28584,1047,21592,6753,14,239,0
2021-05-16,Bagalakote,431,29015,489,22081,6693,2,241,0
2021-05-17,Bagalakote,305,29320,690,22771,6304,4,245,0
2021-05-18,Bagalakote,295,29615,1063,23834,5535,1,246,0
2021-05-19,Bagalakote,362,29977,127,23961,5769,1,247,0
2021-05-20,Bagalakote,451,30428,375,24336,5845,0,247,0
2021-05-21,Bagalakote,275,30703,885,25221,5234,1,248,0
2021-05-22,Bagalakote,285,30988,628,25849,4886,5,253,0
2021-05-23,Bagalakote,218,31206,625,26474,4475,4,257,0
2021-05-24,Bagalakote,283,31489,826,27300,3925,7,264,0
2021-05-25,Bagalakote,211,31700,426,27726,3709,1,265,0
2021-05-26,Bagalakote,245,31945,548,28274,3403,3,268,0
2021-05-27,Bagalakote,214,32159,312,28586,3303,2,270,0
2021-05-28,Bagalakote,252,32411,455,29041,3097,3,273,0
2021-05-30,Bagalakote,193,32770,971,30241,2252,2,277,0
2021-05-31,Bagalakote,194,32964,216,30457,2226,4,281,0
2021-06-01,Bagalakote,217,33181,602,31059,1841,0,281,0
2021-06-02,Bagalakote,262,33443,225,31284,1877,1,282,0
2021-06-03,Bagalakote,194,33637,133,31417,1935,3,285,0
