Date,District Name,Today’s Positives,Total Positives,Today’s Discharges,Total Discharges,Total Active Cases,Today’s Reported Covid Deaths,Total Covid Deaths,Death due to Non- Covid reasons
2020-07-01,Belagavi,8,336,0,303,30,0,3,0
2020-07-02,Belagavi,7,343,0,303,36,1,4,0
2020-07-03,Belagavi,13,356,0,303,49,0,4,0
2020-07-04,Belagavi,27,383,10,313,66,0,4,0
2020-07-05,Belagavi,11,394,0,313,75,2,6,0
2020-07-06,Belagavi,0,394,0,313,75,0,6,0
2020-07-07,Belagavi,20,414,0,313,94,1,7,0
2020-07-08,Belagavi,27,441,29,342,92,0,7,0
2020-07-10,Belagavi,15,465,0,342,116,0,7,0
2020-07-11,Belagavi,3,468,20,362,97,2,9,0
2020-07-12,Belagavi,2,470,0,362,96,3,12,0
2020-07-13,Belagavi,27,497,0,362,121,2,14,0
2020-07-14,Belagavi,64,561,0,362,185,0,14,0
2020-07-15,Belagavi,41,602,0,362,226,0,14,0
2020-07-16,Belagavi,92,694,15,377,300,3,17,0
2020-07-17,Belagavi,95,789,0,377,391,4,21,0
2020-07-19,Belagavi,87,1013,0,404,583,2,26,0
2020-07-20,Belagavi,60,1073,0,404,643,0,26,0
2020-07-21,Belagavi,23,1096,22,426,640,4,30,0
2020-07-22,Belagavi,219,1315,0,426,859,0,30,0
2020-07-23,Belagavi,214,1529,0,426,1069,4,34,0
2020-07-24,Belagavi,116,1645,0,426,1184,1,35,0
2020-07-25,Belagavi,341,1986,43,469,1477,5,40,0
2020-07-26,Belagavi,163,2149,173,642,1461,6,46,0
2020-07-27,Belagavi,155,2304,38,680,1572,6,52,0
2020-07-28,Belagavi,228,2532,34,714,1760,6,58,0
2020-07-29,Belagavi,279,2811,67,781,1969,3,61,0
2020-07-30,Belagavi,202,3013,50,831,2117,4,65,0
2020-07-31,Belagavi,217,3230,88,918,2242,5,70,0
2020-08-01,Belagavi,219,3449,51,969,2406,4,74,0
2020-08-02,Belagavi,172,3621,56,1025,2521,1,75,0
2020-08-03,Belagavi,60,3681,29,1054,2542,10,85,0
2020-08-04,Belagavi,263,3944,28,1082,2776,1,86,0
2020-08-05,Belagavi,293,4237,52,1134,3013,4,90,0
2020-08-06,Belagavi,229,4466,44,1178,3197,1,91,0
2020-08-07,Belagavi,390,4856,52,1230,3533,2,93,0
2020-08-08,Belagavi,302,5158,378,1608,3456,1,94,0
2020-08-09,Belagavi,235,5393,455,2063,3236,0,94,0
2020-08-10,Belagavi,54,5447,90,2153,3197,3,97,0
2020-08-11,Belagavi,575,6022,444,2597,3324,4,101,0
2020-08-12,Belagavi,314,6336,148,2745,3484,6,107,0
2020-08-13,Belagavi,288,6624,140,2885,3626,6,113,0
2020-08-14,Belagavi,334,6958,178,3063,3777,5,118,0
2020-08-15,Belagavi,358,7316,404,3467,3731,5,118,0
2020-08-16,Belagavi,478,7794,410,3877,3796,3,121,0
2020-08-17,Belagavi,171,7965,279,4156,3679,9,130,0
2020-08-18,Belagavi,395,8360,459,4615,3608,7,137,0
2020-08-19,Belagavi,379,8739,267,4882,3717,3,140,0
2020-08-20,Belagavi,358,9097,89,4971,3982,4,144,0
2020-08-21,Belagavi,384,9481,192,5163,4167,7,151,0
2020-08-22,Belagavi,312,9793,511,5674,3965,3,154,0
2020-08-23,Belagavi,136,9929,134,5808,3965,2,156,0
2020-08-24,Belagavi,319,10248,150,5958,4129,5,161,0
2020-08-25,Belagavi,298,10546,181,6139,4244,2,163,0
2020-08-26,Belagavi,289,10835,170,6309,4358,5,168,0
2020-08-27,Belagavi,318,11153,236,6545,4435,5,173,0
2020-08-28,Belagavi,290,11443,789,7334,3932,4,177,0
2020-08-29,Belagavi,276,11719,536,7870,3669,3,180,0
2020-08-30,Belagavi,357,12076,715,8585,3307,4,184,0
2020-08-31,Belagavi,154,12230,331,8916,3125,5,189,0
2020-09-01,Belagavi,316,12546,95,9011,3339,7,196,0
2020-09-02,Belagavi,470,13016,132,9143,3676,1,197,0
2020-09-03,Belagavi,454,13470,245,9388,3885,0,197,0
2020-09-04,Belagavi,278,13748,285,9673,3872,6,203,0
2020-09-06,Belagavi,427,14648,233,10237,4200,8,211,0
2020-09-07,Belagavi,75,14723,186,10421,4083,8,219,0
2020-09-08,Belagavi,230,14953,160,10581,4153,0,219,0
2020-09-09,Belagavi,390,15343,219,10800,4319,5,224,0
2020-09-10,Belagavi,263,15606,644,11444,3936,2,226,0
2020-09-11,Belagavi,244,15850,608,12052,3563,9,235,0
2020-09-12,Belagavi,201,16051,631,12683,3131,2,237,0
2020-09-13,Belagavi,318,16369,388,13071,3061,0,237,0
2020-09-14,Belagavi,167,16536,533,13604,2691,4,241,0
2020-09-15,Belagavi,249,16785,486,14090,2451,3,244,0
2020-09-16,Belagavi,258,17043,0,14090,2708,0,245,0
2020-09-17,Belagavi,295,17338,344,14434,2655,4,249,0
2020-09-18,Belagavi,221,17559,395,14829,2473,8,257,0
2020-09-19,Belagavi,100,17659,272,15101,2295,6,263,0
2020-09-20,Belagavi,151,17810,260,15361,2180,6,269,0
2020-09-21,Belagavi,171,17981,441,15802,1907,3,272,0
2020-09-22,Belagavi,179,18160,0,15802,2086,0,272,0
2020-09-23,Belagavi,191,18351,0,15802,2277,0,272,0
2020-09-24,Belagavi,191,18542,137,15939,2331,0,272,0
2020-09-25,Belagavi,150,18692,121,16060,2354,6,278,0
2020-09-26,Belagavi,132,18824,150,16210,2336,0,278,0
2020-09-27,Belagavi,184,19008,148,16358,2367,5,283,0
2020-09-28,Belagavi,78,19086,149,16507,2292,4,287,0
2020-09-29,Belagavi,128,19214,174,16681,2243,3,290,0
2020-09-30,Belagavi,243,19457,175,16856,2311,0,290,0
2020-10-01,Belagavi,115,19572,210,17066,2216,0,290,0
2020-10-02,Belagavi,40,19612,204,17270,2045,7,297,0
2020-10-03,Belagavi,258,19870,197,17467,2103,3,300,0
2020-10-04,Belagavi,224,20094,195,17662,2132,0,300,0
2020-10-05,Belagavi,142,20236,247,17909,2025,2,302,0
2020-10-06,Belagavi,153,20389,312,18221,1859,7,309,0
2020-10-07,Belagavi,186,20575,529,18750,1515,1,310,0
2020-10-08,Belagavi,185,20760,193,18943,1507,0,310,0
2020-10-09,Belagavi,269,21029,68,19011,1703,5,315,0
2020-10-10,Belagavi,515,21544,86,19097,2131,1,316,0
2020-10-11,Belagavi,331,21875,469,19566,1993,0,316,0
2020-10-12,Belagavi,444,22319,238,19804,2197,2,318,0
2020-10-13,Belagavi,358,22677,262,20066,2292,1,319,0
2020-10-14,Belagavi,297,22974,299,20365,2289,1,320,0
2020-10-15,Belagavi,303,23277,562,20927,2027,3,323,0
2020-10-16,Belagavi,289,23566,401,21328,1914,1,324,0
2020-10-17,Belagavi,298,23864,305,21633,1905,2,326,0
2020-10-18,Belagavi,71,23935,456,22089,1520,0,326,0
2020-10-19,Belagavi,79,24014,182,22271,1417,0,326,0
2020-10-20,Belagavi,89,24103,170,22441,1336,0,326,0
2020-10-21,Belagavi,65,24168,235,22676,1165,1,327,0
2020-10-22,Belagavi,61,24229,201,22877,1024,1,328,0
2020-10-24,Belagavi,73,24382,158,23178,876,0,328,0
2020-10-25,Belagavi,46,24428,51,23229,871,0,328,0
2020-10-26,Belagavi,24,24452,163,23392,732,0,328,0
2020-10-27,Belagavi,50,24502,216,23608,565,1,329,0
2020-10-28,Belagavi,41,24543,60,23668,545,1,330,0
2020-10-29,Belagavi,42,24585,43,23711,543,1,331,0
2020-10-30,Belagavi,57,24642,85,23796,513,2,333,0
2020-10-31,Belagavi,35,24677,24,23820,524,0,333,0
2020-12-01,Belagavi,27,25680,19,25065,274,0,341,0
2020-12-02,Belagavi,22,25702,49,25114,247,0,341,0
2020-12-03,Belagavi,38,25740,13,25127,272,0,341,0
2020-12-04,Belagavi,17,25757,24,25151,265,0,341,0
2020-12-05,Belagavi,45,25802,22,25173,288,0,341,0
2020-12-06,Belagavi,19,25821,29,25202,278,0,341,0
2020-12-07,Belagavi,18,25839,17,25219,279,0,341,0
2020-12-08,Belagavi,28,25867,45,25264,262,0,341,0
2020-12-09,Belagavi,14,25881,24,25288,252,0,341,0
2020-12-10,Belagavi,18,25899,12,25300,258,0,341,0
2020-12-11,Belagavi,10,25909,9,25309,258,1,342,0
2020-12-12,Belagavi,26,25935,14,25323,270,0,342,0
2020-12-13,Belagavi,9,25944,20,25343,259,0,342,0
2020-12-14,Belagavi,11,25955,35,25378,235,0,342,0
2020-12-15,Belagavi,25,25980,19,25397,241,0,342,0
2020-12-16,Belagavi,5,25985,39,25436,207,0,342,0
2020-12-17,Belagavi,26,26011,21,25457,212,0,342,0
2020-12-18,Belagavi,16,26027,14,25471,214,0,342,0
2020-12-19,Belagavi,29,26056,24,25495,219,0,342,0
2020-12-20,Belagavi,23,26079,29,25524,213,0,342,0
2020-12-21,Belagavi,13,26092,24,25548,202,0,342,0
2020-12-22,Belagavi,15,26107,12,25560,205,0,342,0
2020-12-23,Belagavi,22,26129,29,25589,198,0,342,0
2020-12-24,Belagavi,21,26150,12,25601,207,0,342,0
2020-12-25,Belagavi,13,26163,10,25611,210,0,342,0
2020-12-26,Belagavi,12,26175,16,25627,206,0,342,0
2020-12-27,Belagavi,18,26193,8,25635,216,0,342,0
2020-12-28,Belagavi,12,26205,22,25657,206,0,342,0
2020-12-29,Belagavi,6,26211,16,25673,196,0,342,0
2020-12-30,Belagavi,25,26236,28,25701,193,0,342,0
2020-12-31,Belagavi,23,26259,24,25725,192,0,342,0
2021-01-01,Belagavi,14,26273,13,25738,193,0,342,0
2021-01-02,Belagavi,16,26289,14,25752,195,0,342,0
2021-01-03,Belagavi,13,26302,21,25773,187,0,342,0
2021-01-04,Belagavi,13,26315,23,25796,177,0,342,0
2021-01-05,Belagavi,9,26324,12,25808,174,0,342,0
2021-01-06,Belagavi,12,26336,26,25834,160,0,342,0
2021-01-07,Belagavi,16,26352,20,25854,156,0,342,0
2021-01-08,Belagavi,27,26379,16,25870,167,0,342,0
2021-01-09,Belagavi,23,26402,23,25893,167,0,342,0
2021-01-10,Belagavi,12,26414,15,25908,164,0,342,0
2021-01-11,Belagavi,6,26420,12,25920,158,0,342,0
2021-01-12,Belagavi,12,26432,28,25948,142,0,342,0
2021-01-13,Belagavi,18,26450,16,25964,144,0,342,0
2021-01-14,Belagavi,8,26458,13,25977,139,0,342,0
2021-01-15,Belagavi,21,26479,8,25985,152,0,342,0
2021-01-16,Belagavi,35,26514,12,25997,175,0,342,0
2021-01-17,Belagavi,24,26538,17,26014,182,0,342,0
2021-01-18,Belagavi,7,26545,24,26038,165,0,342,0
2021-01-19,Belagavi,18,26563,20,26058,163,0,342,0
2021-01-20,Belagavi,22,26585,13,26071,172,0,342,0
2021-01-21,Belagavi,13,26598,6,26077,179,0,342,0
2021-01-22,Belagavi,12,26610,12,26089,179,0,342,0
2021-01-23,Belagavi,23,26633,19,26108,183,0,342,0
2021-01-24,Belagavi,18,26651,7,26115,194,0,342,0
2021-01-25,Belagavi,5,26656,21,26136,178,0,342,0
2021-01-26,Belagavi,13,26669,36,26172,155,0,342,0
2021-01-27,Belagavi,9,26678,26,26198,138,0,342,0
2021-01-28,Belagavi,3,26681,3,26201,138,0,342,0
2021-01-29,Belagavi,3,26684,18,26219,123,0,342,0
2021-01-30,Belagavi,11,26695,21,26240,113,0,342,0
2021-01-31,Belagavi,9,26704,10,26250,112,0,342,0
2021-02-01,Belagavi,2,26706,16,26266,98,0,342,0
2021-02-02,Belagavi,9,26715,21,26287,86,0,342,0
2021-02-03,Belagavi,8,26723,20,26307,74,0,342,0
2021-02-04,Belagavi,6,26729,3,26310,77,0,342,0
2021-02-05,Belagavi,6,26735,11,26321,72,0,342,0
2021-02-06,Belagavi,7,26742,9,26330,70,0,342,0
2021-02-07,Belagavi,7,26749,4,26334,73,0,342,0
2021-02-08,Belagavi,2,26751,3,26337,72,0,342,0
2021-02-09,Belagavi,12,26763,11,26348,73,0,342,0
2021-02-10,Belagavi,17,26780,9,26357,81,0,342,0
2021-02-11,Belagavi,5,26785,2,26359,84,0,342,0
2021-02-12,Belagavi,6,26791,6,26365,84,0,342,0
2021-02-13,Belagavi,3,26794,13,26378,74,0,342,0
2021-02-14,Belagavi,1,26795,4,26382,71,0,342,0
2021-02-15,Belagavi,5,26800,8,26390,68,0,342,0
2021-02-16,Belagavi,10,26810,4,26394,74,0,342,0
2021-02-17,Belagavi,2,26812,8,26402,68,0,342,0
2021-02-18,Belagavi,11,26823,1,26403,78,0,342,0
2021-02-19,Belagavi,10,26833,11,26414,77,0,342,0
2021-02-20,Belagavi,12,26845,17,26431,72,0,342,0
2021-02-21,Belagavi,15,26860,5,26436,82,0,342,0
2021-02-22,Belagavi,0,26860,6,26442,76,0,342,0
2021-02-23,Belagavi,10,26870,3,26445,83,0,342,0
2021-02-24,Belagavi,7,26877,2,26447,88,0,342,0
2021-02-25,Belagavi,6,26883,2,26449,92,0,342,0
2021-02-26,Belagavi,7,26890,2,26451,97,0,342,0
2021-02-27,Belagavi,13,26903,3,26454,107,0,342,0
2021-02-28,Belagavi,14,26917,14,26468,107,0,342,0
2021-03-01,Belagavi,1,26918,10,26478,98,0,342,0
2021-03-02,Belagavi,9,26927,10,26488,97,0,342,0
2021-03-03,Belagavi,10,26937,12,26500,95,0,342,0
2021-03-04,Belagavi,9,26946,14,26514,90,0,342,0
2021-03-05,Belagavi,14,26960,1,26515,103,0,342,0
2021-03-06,Belagavi,6,26966,10,26525,99,0,342,0
2021-03-07,Belagavi,13,26979,5,26530,107,0,342,0
2021-03-08,Belagavi,6,26985,8,26538,105,0,342,0
2021-03-09,Belagavi,15,27000,7,26545,113,0,342,0
2021-03-10,Belagavi,6,27006,15,26560,104,0,342,0
2021-03-11,Belagavi,11,27017,18,26578,97,0,342,0
2021-03-12,Belagavi,9,27026,11,26589,95,0,342,0
2021-03-13,Belagavi,9,27035,9,26598,95,0,342,0
2021-03-14,Belagavi,27,27062,9,26607,113,0,342,0
2021-03-15,Belagavi,3,27065,14,26621,102,0,342,0
2021-03-16,Belagavi,12,27077,5,26626,109,0,342,0
2021-03-17,Belagavi,26,27103,14,26640,121,0,342,0
2021-03-18,Belagavi,24,27127,5,26645,140,0,342,0
2021-03-19,Belagavi,37,27164,14,26659,163,0,342,0
2021-03-20,Belagavi,20,27184,6,26665,177,0,342,0
2021-03-21,Belagavi,20,27204,11,26676,186,0,342,0
2021-03-22,Belagavi,3,27207,9,26685,180,0,342,0
2021-03-23,Belagavi,16,27223,9,26694,187,0,342,0
2021-03-24,Belagavi,14,27237,27,26721,174,0,342,0
2021-03-25,Belagavi,29,27266,3,26724,199,1,343,0
2021-03-26,Belagavi,25,27291,12,26736,212,1,344,0
2021-03-27,Belagavi,16,27307,26,26762,201,0,344,0
2021-03-28,Belagavi,36,27343,24,26786,213,0,344,0
2021-03-29,Belagavi,13,27356,36,26822,190,0,344,0
2021-03-30,Belagavi,19,27375,20,26842,189,0,344,0
2021-03-31,Belagavi,39,27414,20,26862,208,0,344,0
2021-04-01,Belagavi,46,27460,3,26865,251,0,344,0
2021-04-02,Belagavi,35,27495,14,26879,272,0,344,0
2021-04-03,Belagavi,30,27525,16,26895,286,0,344,0
2021-04-04,Belagavi,52,27577,28,26923,310,0,344,0
2021-04-05,Belagavi,17,27594,25,26948,302,0,344,0
2021-04-06,Belagavi,47,27641,16,26964,333,0,344,0
2021-04-07,Belagavi,101,27742,36,27000,398,0,344,0
2021-04-08,Belagavi,92,27834,13,27013,476,1,345,0
2021-04-09,Belagavi,76,27910,19,27032,531,2,347,0
2021-04-10,Belagavi,75,27985,39,27071,567,0,347,0
2021-04-11,Belagavi,74,28059,46,27117,592,3,350,0
2021-04-12,Belagavi,39,28098,46,27163,584,1,351,0
2021-04-13,Belagavi,42,28140,58,27221,567,1,352,0
2021-04-14,Belagavi,107,28247,13,27234,661,0,352,0
2021-04-15,Belagavi,135,28382,32,27266,763,1,353,0
2021-04-16,Belagavi,120,28502,112,27378,771,0,353,0
2021-04-17,Belagavi,188,28690,102,27480,857,0,353,0
2021-04-18,Belagavi,129,28819,61,27541,924,1,354,0
2021-04-19,Belagavi,115,28934,53,27594,985,1,355,0
2021-04-20,Belagavi,186,29120,43,27637,1128,0,355,0
2021-04-21,Belagavi,301,29421,45,27682,1384,0,355,0
2021-04-22,Belagavi,255,29676,90,27772,1548,1,356,0
2021-04-23,Belagavi,220,29896,69,27841,1697,2,358,0
2021-04-24,Belagavi,313,30209,151,27992,1858,1,359,0
2021-04-25,Belagavi,336,30545,125,28117,2069,0,359,0
2021-04-26,Belagavi,312,30857,182,28299,2199,0,359,0
2021-04-27,Belagavi,219,31076,253,28552,2164,1,360,0
2021-04-28,Belagavi,360,31436,91,28643,2433,0,360,0
2021-04-29,Belagavi,545,31981,156,28799,2822,0,360,0
2021-04-30,Belagavi,514,32495,282,29081,3054,0,360,0
2021-05-01,Belagavi,532,33027,291,29372,3295,0,360,0
2021-05-02,Belagavi,372,33399,295,29667,3370,2,362,0
2021-05-03,Belagavi,559,33958,214,29881,3715,0,362,0
2021-05-04,Belagavi,615,34573,294,30175,4033,3,365,0
2021-05-05,Belagavi,920,35493,198,30373,4753,2,367,0
2021-05-06,Belagavi,843,36336,367,30740,5228,1,368,0
2021-05-07,Belagavi,965,37301,476,31216,5717,0,368,0
2021-05-08,Belagavi,991,38292,326,31542,6380,2,370,0
2021-05-09,Belagavi,613,38905,304,31846,6687,2,372,0
2021-05-10,Belagavi,736,39641,531,32377,6890,2,374,0
2021-05-11,Belagavi,755,40396,371,32748,7272,2,376,0
2021-05-12,Belagavi,856,41252,199,32947,7927,2,378,0
2021-05-13,Belagavi,713,41965,287,33234,8353,0,378,0
2021-05-14,Belagavi,1592,43557,358,33592,9583,4,382,0
2021-05-15,Belagavi,1502,45059,614,34206,10464,7,389,0
2021-05-16,Belagavi,1762,46821,100,34306,12122,4,393,0
2021-05-17,Belagavi,1748,48569,100,34406,13764,6,399,0
2021-05-18,Belagavi,2118,50687,713,35119,15164,5,404,0
2021-05-19,Belagavi,2234,52921,830,35949,16557,11,415,0
2021-05-20,Belagavi,948,53869,956,36905,16549,0,415,0
2021-05-21,Belagavi,1138,55007,971,37876,16716,0,415,0
2021-05-22,Belagavi,1026,56033,609,38485,17119,14,429,0
2021-05-23,Belagavi,1066,57099,723,39208,17449,13,442,0
2021-05-24,Belagavi,747,57846,738,39946,17441,17,459,0
2021-05-25,Belagavi,1260,59106,844,40790,17833,24,483,0
2021-05-27,Belagavi,1147,61458,1560,43041,17905,15,512,0
2021-05-28,Belagavi,1319,62777,1456,44497,17758,10,522,0
2021-05-29,Belagavi,1027,63804,1753,46250,17023,9,531,0
2021-05-30,Belagavi,1171,64975,1734,47984,16455,5,536,0
2021-05-31,Belagavi,910,65885,2100,50084,15250,15,551,0
2021-06-01,Belagavi,891,66776,4270,54354,11852,19,570,0
2021-06-02,Belagavi,1006,67782,990,55344,11851,17,587,0
2021-06-03,Belagavi,839,68621,393,55737,12287,10,597,0
