Date,District Name,Today’s Positives,Total Positives,Today’s Discharges,Total Discharges,Total Active Cases,Today’s Reported Covid Deaths,Total Covid Deaths,Death due to Non- Covid reasons
2020-07-01,Gadag,2,178,7,60,115,0,3,0
2020-07-02,Gadag,2,180,9,69,107,1,4,0
2020-07-03,Gadag,19,199,12,81,114,0,4,0
2020-07-04,Gadag,4,203,3,84,115,0,4,0
2020-07-05,Gadag,7,210,0,84,122,0,4,0
2020-07-06,Gadag,18,228,44,128,96,0,4,0
2020-07-07,Gadag,4,232,9,137,91,0,4,0
2020-07-08,Gadag,5,237,26,163,70,0,4,0
2020-07-10,Gadag,19,262,0,163,93,2,6,0
2020-07-11,Gadag,40,302,0,163,130,3,9,0
2020-07-12,Gadag,14,316,10,173,134,0,9,0
2020-07-13,Gadag,6,322,5,178,134,1,10,0
2020-07-14,Gadag,9,331,0,178,143,0,10,0
2020-07-15,Gadag,39,370,16,194,167,0,9,0
2020-07-16,Gadag,44,414,14,208,197,0,9,0
2020-07-17,Gadag,59,473,2,210,253,1,10,0
2020-07-19,Gadag,30,585,6,226,345,4,14,0
2020-07-20,Gadag,31,616,0,226,376,0,14,0
2020-07-21,Gadag,15,631,21,247,369,1,15,0
2020-07-22,Gadag,71,702,39,286,401,0,15,0
2020-07-23,Gadag,72,774,3,289,468,2,17,0
2020-07-24,Gadag,108,882,11,300,563,2,19,0
2020-07-25,Gadag,61,943,28,328,595,1,20,0
2020-07-26,Gadag,61,1004,26,354,628,2,22,0
2020-07-27,Gadag,63,1067,28,382,662,1,23,0
2020-07-28,Gadag,73,1140,56,438,677,2,25,0
2020-07-29,Gadag,61,1201,10,448,725,3,28,0
2020-07-30,Gadag,88,1289,19,467,793,1,29,0
2020-07-31,Gadag,92,1381,24,490,859,3,32,0
2020-08-01,Gadag,99,1480,43,533,913,2,34,0
2020-08-02,Gadag,88,1568,6,539,992,3,37,0
2020-08-03,Gadag,100,1668,40,578,1051,2,39,0
2020-08-04,Gadag,96,1764,55,633,1091,1,40,0
2020-08-05,Gadaga,78,1842,108,741,1060,1,41,0
2020-08-06,Gadag,124,1966,152,893,1030,2,43,0
2020-08-07,Gadaga,105,2071,75,968,1058,2,45,0
2020-08-08,Gadaga,94,2165,78,1046,1073,1,46,0
2020-08-09,Gadaga,114,2279,86,1132,1100,1,47,0
2020-08-10,Gadaga,42,2321,100,1232,1040,2,49,0
2020-08-11,Gadag,78,2399,89,1321,1027,2,51,0
2020-08-12,Gadaga,148,2547,75,1396,1099,1,52,0
2020-08-13,Gadag,98,2645,50,1446,1147,0,52,0
2020-08-14,Gadag,190,2835,211,1657,1125,1,53,0
2020-08-15,Gadag,142,2977,101,1758,1164,2,55,0
2020-08-16,Gadaga,79,3056,70,1828,1171,2,57,0
2020-08-17,Gadag,99,3155,104,1932,1166,0,57,0
2020-08-18,Gadag,186,3341,206,2138,1144,2,59,0
2020-08-19,Gadag,149,3490,167,2305,1124,2,61,0
2020-08-20,Gadag,114,3604,151,2456,1086,1,62,0
2020-08-21,Gadag,174,3778,179,2635,1080,1,63,0
2020-08-22,Gadag,116,3894,121,2756,1073,2,65,0
2020-08-23,Gadag,182,4076,100,2856,1155,0,65,0
2020-08-24,Gadag,141,4217,102,2958,1193,1,66,0
2020-08-25,Gadag,175,4392,164,3122,1203,1,67,0
2020-08-26,Gadag,124,4516,111,3233,1214,2,69,0
2020-08-27,Gadag,110,4626,78,3311,1244,2,71,0
2020-08-28,Gadag,169,4795,68,3379,1342,3,74,0
2020-08-29,Gadag,181,4976,131,3510,1391,1,75,0
2020-08-30,Gadag,196,5172,134,3644,1450,3,78,0
2020-08-31,Gadag,178,5350,100,3744,1527,1,79,0
2020-09-01,Gadag,194,5544,73,3817,1646,2,81,0
2020-09-02,Gadag,195,5739,192,4009,1646,3,84,0
2020-09-03,Gadag,183,5922,150,4159,1676,3,87,0
2020-09-04,Gadag,186,6108,165,4324,1695,2,89,0
2020-09-06,Gadag,194,6497,181,4704,1699,2,94,0
2020-09-07,Gadag,87,6584,198,4903,1585,2,96,0
2020-09-08,Gadag,196,6780,130,5033,1649,2,98,0
2020-09-09,Gadag,155,6935,155,5188,1647,2,100,0
2020-09-10,Gadag,180,7115,153,5341,1672,2,102,0
2020-09-11,Gadag,195,7310,530,5871,1335,2,104,0
2020-09-12,Gadag,49,7359,206,6077,1177,1,105,0
2020-09-13,Gadag,198,7557,192,6269,1181,2,107,0
2020-09-14,Gadag,96,7653,184,6453,1091,2,109,0
2020-09-15,Gadag,39,7692,129,6582,999,2,111,0
2020-09-16,Gadag,108,7800,0,6582,1107,0,111,0
2020-09-17,Gadag,69,7869,193,6775,981,2,113,0
2020-09-18,Gadag,31,7900,182,6957,828,2,115,0
2020-09-19,Gadag,391,8291,259,7216,960,0,115,0
2020-09-20,Gadag,75,8366,150,7366,881,4,119,0
2020-09-21,Gadag,81,8447,112,7478,846,4,123,0
2020-09-22,Gadag,134,8581,92,7570,886,2,125,0
2020-09-23,Gadag,59,8640,125,7695,820,0,125,0
2020-09-24,Gadag,54,8694,63,7758,811,0,125,0
2020-09-25,Gadag,78,8772,82,7840,805,2,127,0
2020-09-26,Gadag,44,8816,95,7935,753,1,128,0
2020-09-27,Gadag,61,8877,119,8054,694,1,129,0
2020-09-28,Gadag,61,8938,142,8196,613,0,129,0
2020-09-29,Gadag,111,9049,95,8291,628,1,130,0
2020-09-30,Gadag,67,9116,112,8403,582,1,131,0
2020-10-01,Gadag,146,9262,94,8497,634,0,131,0
2020-10-02,Gadag,80,9342,59,8556,655,0,131,0
2020-10-03,Gadag,32,9374,70,8626,616,1,132,0
2020-10-04,Gadag,110,9484,75,8701,651,0,132,0
2020-10-05,Gadag,51,9535,73,8774,627,2,134,0
2020-10-06,Gadag,93,9628,52,8826,667,1,135,0
2020-10-07,Gadag,72,9700,63,8889,676,0,135,0
2020-10-08,Gadag,42,9742,111,9000,607,0,135,0
2020-10-09,Gadag,68,9810,84,9084,590,1,136,0
2020-10-10,Gadag,32,9842,82,9166,539,1,137,0
2020-10-11,Gadag,60,9902,79,9245,520,0,137,0
2020-10-12,Gadag,26,9928,71,9316,474,1,138,0
2020-10-13,Gadag,66,9994,73,9389,467,0,138,0
2020-10-14,Gadag,41,10035,69,9458,438,1,139,0
2020-10-15,Gadag,40,10075,56,9514,422,0,139,0
2020-10-16,Gadag,45,10120,52,9566,415,0,139,0
2020-10-17,Gadag,49,10169,63,9629,400,1,140,0
2020-10-18,Gadag,53,10222,49,9678,404,0,140,0
2020-10-19,Gadag,19,10241,42,9720,381,0,140,0
2020-10-20,Gadag,38,10279,45,9765,374,0,140,0
2020-10-21,Gadag,40,10319,49,9814,365,0,140,0
2020-10-22,Gadag,37,10356,48,9862,354,0,140,0
2020-10-24,Gadag,14,10382,33,9944,298,0,140,0
2020-10-25,Gadag,22,10404,35,9979,285,0,140,0
2020-10-26,Gadag,4,10408,41,10020,248,0,140,0
2020-10-27,Gadag,15,10423,33,10053,230,0,140,0
2020-10-28,Gadag,22,10445,23,10076,229,0,140,0
2020-10-29,Gadag,12,10457,41,10117,200,0,140,0
2020-10-30,Gadag,17,10474,11,10128,205,1,141,0
2020-10-31,Gadag,23,10497,18,10146,210,0,141,0
2020-12-01,Gadag,4,10750,19,10565,44,0,141,0
2020-12-02,Gadag,9,10759,2,10567,51,0,141,0
2020-12-03,Gadag,10,10769,3,10570,58,0,141,0
2020-12-04,Gadag,5,10774,8,10578,55,0,141,0
2020-12-05,Gadag,11,10785,11,10589,55,0,141,0
2020-12-06,Gadag,8,10793,3,10592,60,0,141,0
2020-12-07,Gadag,12,10805,5,10597,67,0,141,0
2020-12-08,Gadag,7,10812,6,10603,68,0,141,0
2020-12-09,Gadag,3,10815,4,10607,67,0,141,0
2020-12-10,Gadag,3,10818,6,10613,64,0,141,0
2020-12-11,Gadag,2,10820,8,10621,58,0,141,0
2020-12-12,Gadag,6,10826,11,10632,53,0,141,0
2020-12-13,Gadag,0,10826,4,10636,49,0,141,0
2020-12-14,Gadag,2,10828,6,10642,45,0,141,0
2020-12-15,Gadag,8,10836,11,10653,42,0,141,0
2020-12-16,Gadag,7,10843,12,10665,37,0,141,0
2020-12-17,Gadag,6,10849,14,10679,29,0,141,0
2020-12-18,Gadag,2,10851,4,10683,27,0,141,0
2020-12-19,Gadag,4,10855,3,10686,28,0,141,0
2020-12-20,Gadag,6,10861,5,10691,29,0,141,0
2020-12-21,Gadag,5,10866,6,10697,28,0,141,0
2020-12-22,Gadag,1,10867,1,10698,28,0,141,0
2020-12-23,Gadag,8,10875,5,10703,31,0,141,0
2020-12-24,Gadag,10,10885,4,10707,37,0,141,0
2020-12-25,Gadag,6,10891,6,10713,37,0,141,0
2020-12-26,Gadag,6,10897,5,10718,38,0,141,0
2020-12-27,Gadag,4,10901,3,10721,39,0,141,0
2020-12-28,Gadag,1,10902,6,10727,34,0,141,0
2020-12-29,Gadag,0,10902,3,10730,31,0,141,0
2020-12-30,Gadag,1,10903,5,10735,27,0,141,0
2020-12-31,Gadag,4,10907,12,10747,19,0,141,0
2021-01-01,Gadag,12,10919,5,10752,26,0,141,0
2021-01-02,Gadag,1,10920,1,10753,26,0,141,0
2021-01-03,Gadag,5,10925,5,10758,26,0,141,0
2021-01-04,Gadag,2,10927,3,10761,25,0,141,0
2021-01-05,Gadag,4,10931,0,10761,29,0,141,0
2021-01-06,Gadag,2,10933,2,10763,29,0,141,0
2021-01-07,Gadag,0,10933,15,10778,14,0,141,0
2021-01-08,Gadag,6,10939,2,10780,18,0,141,0
2021-01-09,Gadag,4,10943,4,10784,18,0,141,0
2021-01-10,Gadag,1,10944,1,10785,18,0,141,0
2021-01-11,Gadag,3,10947,4,10789,17,0,141,0
2021-01-12,Gadag,0,10947,1,10790,16,0,141,0
2021-01-13,Gadag,3,10950,4,10794,15,0,141,0
2021-01-14,Gadag,3,10953,3,10797,15,0,141,0
2021-01-15,Gadag,0,10953,5,10802,10,0,141,0
2021-01-16,Gadag,4,10957,2,10804,12,0,141,0
2021-01-17,Gadag,5,10962,2,10806,15,0,141,0
2021-01-18,Gadag,1,10963,2,10808,14,0,141,0
2021-01-19,Gadag,2,10965,1,10809,15,0,141,0
2021-01-20,Gadag,0,10965,1,10810,14,0,141,0
2021-01-21,Gadag,1,10966,3,10813,12,0,141,0
2021-01-22,Gadag,4,10970,2,10815,14,0,141,0
2021-01-23,Gadag,1,10971,1,10816,14,0,141,0
2021-01-24,Gadag,5,10976,3,10819,16,0,141,0
2021-01-25,Gadag,1,10977,6,10825,11,0,141,0
2021-01-26,Gadag,0,10977,0,10825,11,0,141,0
2021-01-27,Gadag,1,10978,1,10826,11,0,141,0
2021-01-28,Gadag,0,10978,1,10827,10,0,141,0
2021-01-29,Gadag,3,10981,4,10831,9,0,141,0
2021-01-30,Gadag,0,10981,1,10832,8,0,141,0
2021-01-31,Gadag,5,10986,2,10834,11,0,141,0
2021-02-01,Gadag,0,10986,0,10834,11,0,141,0
2021-02-02,Gadag,2,10988,2,10836,11,0,141,0
2021-02-03,Gadag,0,10988,1,10837,10,0,141,0
2021-02-04,Gadag,0,10988,0,10837,10,0,141,0
2021-02-05,Gadag,2,10990,3,10840,9,0,141,0
2021-02-06,Gadag,2,10992,3,10843,8,0,141,0
2021-02-07,Gadag,0,10992,2,10845,6,0,141,0
2021-02-08,Gadag,1,10993,0,10845,7,0,141,0
2021-02-09,Gadag,3,10996,1,10846,9,0,141,0
2021-02-10,Gadag,2,10998,1,10847,10,0,141,0
2021-02-11,Gadag,2,11000,1,10848,11,0,141,0
2021-02-12,Gadag,0,11000,2,10850,9,0,141,0
2021-02-13,Gadag,1,11001,0,10850,10,0,141,0
2021-02-14,Gadag,2,11003,4,10854,8,0,141,0
2021-02-15,Gadag,0,11003,0,10854,8,0,141,0
2021-02-16,Gadag,0,11003,1,10855,7,0,141,0
2021-02-17,Gadag,1,11004,2,10857,6,0,141,0
2021-02-18,Gadag,3,11007,2,10859,7,0,141,0
2021-02-19,Gadag,1,11008,0,10859,8,0,141,0
2021-02-20,Gadag,1,11009,0,10859,9,0,141,0
2021-02-21,Gadag,2,11011,2,10861,9,0,141,0
2021-02-22,Gadag,0,11011,1,10862,8,0,141,0
2021-02-23,Gadag,0,11011,0,10862,8,0,141,0
2021-02-24,Gadag,0,11011,1,10863,7,0,141,0
2021-02-25,Gadag,2,11013,1,10864,8,0,141,0
2021-02-26,Gadag,1,11014,2,10866,7,0,141,0
2021-02-27,Gadag,2,11016,2,10868,7,0,141,0
2021-02-28,Gadag,2,11018,1,10869,8,0,141,0
2021-03-01,Gadag,3,11021,1,10870,10,0,141,0
2021-03-02,Gadag,0,11021,0,10870,10,0,141,0
2021-03-03,Gadag,1,11022,1,10871,10,0,141,0
2021-03-04,Gadag,0,11022,1,10872,9,0,141,0
2021-03-05,Gadag,2,11024,3,10875,8,0,141,0
2021-03-06,Gadag,4,11028,1,10876,11,0,141,0
2021-03-07,Gadag,4,11032,2,10878,13,0,141,0
2021-03-08,Gadag,5,11037,1,10879,17,0,141,0
2021-03-09,Gadag,4,11041,1,10880,20,0,141,0
2021-03-10,Gadag,1,11042,1,10881,20,0,141,0
2021-03-11,Gadag,4,11046,0,10881,24,0,141,0
2021-03-12,Gadag,1,11047,1,10882,24,0,141,0
2021-03-13,Gadag,4,11051,4,10886,24,0,141,0
2021-03-14,Gadag,2,11053,8,10894,18,0,141,0
2021-03-15,Gadag,2,11055,6,10900,14,0,141,0
2021-03-16,Gadag,4,11059,0,10900,18,0,141,0
2021-03-17,Gadag,4,11063,1,10901,21,0,141,0
2021-03-18,Gadag,4,11067,1,10902,24,0,141,0
2021-03-19,Gadag,5,11072,4,10906,25,0,141,0
2021-03-20,Gadag,5,11077,3,10909,27,0,141,0
2021-03-21,Gadag,5,11082,3,10912,29,0,141,0
2021-03-22,Gadag,5,11087,2,10914,32,0,141,0
2021-03-23,Gadag,5,11092,2,10916,35,0,141,0
2021-03-24,Gadag,8,11100,4,10920,39,0,141,0
2021-03-25,Gadag,9,11109,10,10930,38,0,141,0
2021-03-26,Gadag,14,11123,6,10936,46,0,141,0
2021-03-27,Gadag,13,11136,5,10941,54,0,141,0
2021-03-28,Gadag,14,11150,5,10946,63,0,141,0
2021-03-29,Gadag,14,11164,3,10949,74,0,141,0
2021-03-30,Gadag,14,11178,4,10953,84,0,141,0
2021-03-31,Gadag,14,11192,8,10961,90,0,141,0
2021-04-01,Gadag,15,11207,10,10971,95,0,141,0
2021-04-02,Gadag,16,11223,13,10984,98,0,141,0
2021-04-03,Gadag,9,11232,13,10997,94,0,141,0
2021-04-04,Gadag,18,11250,15,11012,97,0,141,0
2021-04-05,Gadag,13,11263,15,11027,95,0,141,0
2021-04-06,Gadag,12,11275,12,11039,95,0,141,0
2021-04-07,Gadag,11,11286,13,11052,93,0,141,0
2021-04-08,Gadag,14,11300,11,11063,96,0,141,0
2021-04-09,Gadag,16,11316,14,11077,98,0,141,0
2021-04-10,Gadag,17,11333,13,11090,102,0,141,0
2021-04-11,Gadag,19,11352,12,11102,109,0,141,0
2021-04-12,Gadag,29,11381,15,11117,123,0,141,0
2021-04-13,Gadag,30,11411,16,11133,137,0,141,0
2021-04-14,Gadag,25,11436,17,11150,145,0,141,0
2021-04-15,Gadag,34,11470,18,11168,161,0,141,0
2021-04-16,Gadag,34,11504,20,11188,175,0,141,0
2021-04-17,Gadag,37,11541,19,11207,193,0,141,0
2021-04-18,Gadag,48,11589,19,11226,222,0,141,0
2021-04-19,Gadag,70,11659,19,11245,273,0,141,0
2021-04-20,Gadag,73,11732,20,11265,326,0,141,0
2021-04-21,Gadag,72,11804,25,11290,373,0,141,0
2021-04-22,Gadag,73,11877,30,11320,416,0,141,0
2021-04-23,Gadag,74,11951,30,11350,460,0,141,0
2021-04-24,Gadag,76,12027,51,11401,485,0,141,0
2021-04-25,Gadag,76,12103,63,11464,498,0,141,0
2021-04-26,Gadag,97,12200,61,11525,534,0,141,0
2021-04-27,Gadag,119,12319,60,11585,593,0,141,0
2021-04-28,Gadag,129,12448,72,11657,650,0,141,0
2021-04-29,Gadag,132,12580,87,11744,695,0,141,0
2021-04-30,Gadag,122,12702,94,11838,723,0,141,0
2021-05-01,Gadag,205,12907,120,11958,808,0,141,0
2021-05-02,Gadag,118,13025,135,12093,791,0,141,0
2021-05-03,Gadag,191,13216,145,12238,837,0,141,0
2021-05-04,Gadag,191,13407,158,12396,867,3,144,0
2021-05-05,Gadag,189,13596,125,12521,928,3,147,0
2021-05-06,Gadag,191,13787,130,12651,987,2,149,0
2021-05-07,Gadag,248,14035,158,12809,1074,3,152,0
2021-05-08,Gadag,341,14376,180,12989,1233,2,154,0
2021-05-09,Gadag,368,14744,203,13192,1395,3,157,0
2021-05-10,Gadag,332,15076,225,13417,1500,2,159,0
2021-05-11,Gadag,456,15532,212,13629,1741,3,162,0
2021-05-12,Gadag,347,15879,280,13909,1804,4,166,0
2021-05-13,Gadag,430,16309,296,14205,1933,5,171,0
2021-05-14,Gadag,591,16900,291,14496,2229,4,175,0
2021-05-15,Gadag,459,17359,273,14769,2411,4,179,0
2021-05-16,Gadag,453,17812,309,15078,2551,4,183,0
2021-05-17,Gadag,475,18287,310,15388,2712,4,187,0
2021-05-18,Gadag,543,18830,243,15631,3007,5,192,0
2021-05-19,Gadag,486,19316,323,15954,3165,5,197,0
2021-05-20,Gadag,469,19785,327,16281,3302,5,202,0
2021-05-21,Gadag,530,20315,400,16681,3427,5,207,0
2021-05-22,Gadag,443,20758,409,17090,3457,4,211,0
2021-05-23,Gadag,371,21129,420,17510,3404,4,215,0
2021-05-24,Gadag,277,21406,431,17941,3248,2,217,0
2021-05-25,Gadag,259,21665,447,18388,3055,5,222,0
2021-05-26,Gadag,393,22058,404,18792,3040,4,226,0
2021-05-27,Gadag,370,22428,401,19193,3004,5,231,0
2021-05-28,Gadag,302,22730,405,19598,2896,5,236,0
2021-05-29,Gadag,307,23037,400,19998,2798,5,241,0
2021-05-30,Gadag,289,23326,391,20389,2691,5,246,0
2021-05-31,Gadag,240,23566,397,20786,2530,4,250,0
2021-06-01,Gadag,214,23780,351,21137,2389,4,254,0
2021-06-02,Gadag,285,24065,347,21484,2323,4,258,0
2021-06-03,Gadag,250,24315,351,21835,2218,4,262,0
