Date,District Name,Today’s Positives,Total Positives,Today’s Discharges,Total Discharges,Total Active Cases,Today’s Reported Covid Deaths,Total Covid Deaths,Death due to Non- Covid reasons
2020-07-01,Haveri,0,119,0,25,92,0,2,0
2020-07-02,Haveri,4,123,8,33,88,0,2,0
2020-07-03,Haveri,1,124,2,35,87,0,2,0
2020-07-04,Haveri,28,152,2,37,113,0,2,0
2020-07-05,Haveri,15,167,0,37,128,0,2,0
2020-07-06,Haveri,9,176,0,37,137,0,2,0
2020-07-07,Haveri,6,182,21,58,122,0,2,0
2020-07-08,Haveri,31,213,8,66,145,0,2,0
2020-07-10,Haveri,42,273,0,114,156,1,3,0
2020-07-11,Haveri,16,289,4,118,167,1,4,0
2020-07-12,Haveri,12,301,19,137,158,2,6,0
2020-07-13,Haveri,6,307,33,170,130,1,7,0
2020-07-14,Haveri,0,307,12,182,118,0,7,0
2020-07-15,Haveri,6,313,0,182,124,0,7,0
2020-07-16,Haveri,18,331,62,244,80,0,7,0
2020-07-17,Haveri,58,389,31,275,107,0,7,0
2020-07-19,Haveri,54,458,4,292,155,2,11,0
2020-07-20,Haveri,36,494,0,292,190,1,12,0
2020-07-21,Haveri,39,533,0,292,226,3,15,0
2020-07-22,Haveri,50,583,0,292,272,4,19,0
2020-07-23,Haveri,18,601,34,326,255,1,20,0
2020-07-24,Haveri,59,660,62,388,251,1,21,0
2020-07-25,Haveri,52,712,64,452,237,2,23,0
2020-07-26,Haveri,47,759,5,457,279,0,23,0
2020-07-27,Haveri,27,786,23,480,282,1,24,0
2020-07-28,Haveri,40,826,21,501,301,0,24,0
2020-07-29,Haveri,50,876,2,503,349,0,24,0
2020-07-30,Haveri,58,934,18,521,388,1,25,0
2020-07-31,Haveri,57,991,34,553,413,0,25,0
2020-08-01,Haveri,52,1043,12,565,453,0,25,0
2020-08-02,Haveri,146,1189,34,599,565,0,25,0
2020-08-03,Haveri,99,1288,53,652,609,2,27,0
2020-08-04,Haveri,157,1445,16,668,749,1,28,0
2020-08-05,Haveri,71,1516,39,707,779,2,30,0
2020-08-06,Haveri,64,1580,111,818,731,1,31,0
2020-08-07,Haveri,90,1670,92,910,728,1,32,0
2020-08-08,Haveri,95,1765,43,953,778,2,34,0
2020-08-09,Haveri,80,1845,68,1021,789,1,35,0
2020-08-10,Haveri,45,1890,76,1097,755,3,38,0
2020-08-11,Haveri,36,1926,39,1136,749,3,41,0
2020-08-12,Haveri,132,2058,142,1278,738,1,42,0
2020-08-13,Haveri,96,2154,191,1469,640,3,45,0
2020-08-14,Haveri,138,2292,25,1494,751,2,47,0
2020-08-15,Haveri,116,2408,34,1528,831,2,49,0
2020-08-16,Haveri,76,2484,98,1626,807,2,51,0
2020-08-17,Haveri,43,2527,32,1658,814,4,55,0
2020-08-18,Haveri,109,2636,55,1713,865,3,58,0
2020-08-19,Haveri,137,2773,29,1742,970,3,61,0
2020-08-20,Haveri,111,2884,42,1784,1035,4,65,0
2020-08-21,Haveri,224,3108,100,1884,1155,4,69,0
2020-08-22,Haveri,141,3249,47,1931,1249,0,69,0
2020-08-23,Haveri,150,3399,23,1954,1372,4,73,0
2020-08-24,Haveri,148,3547,220,2174,1294,6,79,0
2020-08-25,Haveri,78,3625,82,2256,1285,5,84,0
2020-08-26,Haveri,164,3789,139,2395,1308,2,86,0
2020-08-27,Haveri,117,3906,109,2504,1311,5,91,0
2020-08-28,Haveri,132,4038,154,2658,1289,0,91,0
2020-08-29,Haveri,93,4131,99,2757,1274,9,100,0
2020-08-30,Haveri,105,4236,111,2868,1265,3,103,0
2020-08-31,Haveri,63,4299,105,2973,1218,5,108,0
2020-09-01,Haveri,153,4452,111,3084,1258,2,110,0
2020-09-02,Haveri,149,4601,67,3151,1338,2,112,0
2020-09-03,Haveri,139,4740,100,3251,1373,4,116,0
2020-09-04,Haveri,149,4889,35,3286,1487,0,116,0
2020-09-06,Haveri,295,5372,209,3654,1602,0,116,0
2020-09-07,Haveri,53,5425,276,3930,1379,0,116,0
2020-09-08,Haveri,165,5590,382,4312,1158,4,120,0
2020-09-09,Haveri,169,5759,214,4526,1111,2,122,0
2020-09-10,Haveri,190,5949,65,4591,1235,1,123,0
2020-09-11,Haveri,240,6189,86,4677,1387,2,125,0
2020-09-12,Haveri,213,6402,48,4725,1551,1,126,0
2020-09-13,Haveri,191,6593,106,4831,1635,1,127,0
2020-09-14,Haveri,208,6801,185,5016,1656,2,129,0
2020-09-15,Haveri,180,6981,73,5089,1760,3,132,0
2020-09-16,Haveri,81,7062,0,5089,1841,0,132,0
2020-09-17,Haveri,188,7250,0,5089,2029,0,132,0
2020-09-18,Haveri,116,7366,465,5554,1674,6,138,0
2020-09-19,Haveri,107,7473,79,5633,1700,2,140,0
2020-09-20,Haveri,44,7517,279,5912,1463,2,142,0
2020-09-21,Haveri,103,7620,180,6092,1383,3,145,0
2020-09-22,Haveri,115,7735,0,6092,1498,0,145,0
2020-09-23,Haveri,32,7767,0,6092,1530,0,145,0
2020-09-24,Haveri,110,7877,62,6154,1576,2,147,0
2020-09-25,Haveri,156,8033,61,6215,1670,1,148,0
2020-09-26,Haveri,111,8144,97,6312,1681,3,151,0
2020-09-27,Haveri,115,8259,96,6408,1698,2,153,0
2020-09-28,Haveri,83,8342,38,6446,1739,4,157,0
2020-09-29,Haveri,75,8417,41,6487,1771,2,159,0
2020-09-30,Haveri,134,8551,95,6582,1809,1,160,0
2020-10-01,Haveri,155,8706,29,6611,1934,1,161,0
2020-10-02,Haveri,61,8767,214,6825,1779,2,163,0
2020-10-03,Haveri,71,8838,306,7131,1542,2,165,0
2020-10-04,Haveri,112,8950,101,7232,1552,1,166,0
2020-10-05,Haveri,73,9023,150,7382,1475,0,166,0
2020-10-06,Haveri,81,9104,85,7467,1469,2,168,0
2020-10-07,Haveri,57,9161,300,7767,1224,2,170,0
2020-10-08,Haveri,108,9269,123,7890,1209,0,170,0
2020-10-09,Haveri,75,9344,286,8176,998,0,170,0
2020-10-10,Haveri,51,9395,118,8294,927,4,174,0
2020-10-11,Haveri,57,9452,125,8419,859,0,174,0
2020-10-12,Haveri,50,9502,105,8524,804,0,174,0
2020-10-13,Haveri,39,9541,163,8687,679,1,175,0
2020-10-14,Haveri,66,9607,133,8820,612,0,175,0
2020-10-15,Haveri,41,9648,74,8894,579,0,175,0
2020-10-16,Haveri,32,9680,41,8935,570,0,175,0
2020-10-17,Haveri,61,9741,41,8976,588,2,177,0
2020-10-18,Haveri,24,9765,32,9008,579,1,178,0
2020-10-19,Haveri,69,9834,119,9127,528,1,179,0
2020-10-20,Haveri,42,9876,108,9235,460,2,181,0
2020-10-21,Haveri,23,9899,25,9260,458,0,181,0
2020-10-22,Haveri,97,9996,67,9327,488,0,181,0
2020-10-24,Haveri,30,10058,49,9432,444,1,182,0
2020-10-25,Haveri,9,10067,95,9527,358,0,182,0
2020-10-26,Haveri,39,10106,43,9570,354,0,182,0
2020-10-27,Haveri,19,10125,59,9629,314,0,182,0
2020-10-28,Haveri,17,10142,57,9686,274,0,182,0
2020-10-29,Haveri,54,10196,50,9736,277,1,183,0
2020-10-30,Haveri,7,10203,33,9769,249,2,185,0
2020-10-31,Haveri,29,10232,25,9794,253,0,185,0
2020-12-01,Haveri,9,10777,20,10301,287,0,189,0
2020-12-02,Haveri,6,10783,13,10314,280,0,189,0
2020-12-03,Haveri,4,10787,26,10340,258,0,189,0
2020-12-04,Haveri,8,10795,36,10376,230,0,189,0
2020-12-05,Haveri,1,10796,14,10390,217,0,189,0
2020-12-06,Haveri,43,10839,43,10433,217,0,189,0
2020-12-07,Haveri,9,10848,21,10454,205,0,189,0
2020-12-08,Haveri,4,10852,7,10461,202,0,189,0
2020-12-09,Haveri,12,10864,130,10591,84,0,189,0
2020-12-10,Haveri,10,10874,2,10593,92,0,189,0
2020-12-11,Haveri,1,10875,3,10596,90,0,189,0
2020-12-12,Haveri,7,10882,11,10607,86,0,189,0
2020-12-13,Haveri,10,10892,1,10608,95,0,189,0
2020-12-14,Haveri,3,10895,19,10627,79,0,189,0
2020-12-15,Haveri,9,10904,24,10651,63,1,190,0
2020-12-16,Haveri,5,10909,9,10660,59,0,190,0
2020-12-17,Haveri,7,10916,4,10664,62,0,190,0
2020-12-18,Haveri,8,10924,12,10676,58,0,190,0
2020-12-19,Haveri,4,10928,7,10683,55,0,190,0
2020-12-20,Haveri,6,10934,5,10688,56,0,190,0
2020-12-21,Haveri,4,10938,5,10693,55,0,190,0
2020-12-22,Haveri,4,10942,12,10705,47,0,190,0
2020-12-23,Haveri,2,10944,5,10710,44,0,190,0
2020-12-24,Haveri,2,10946,6,10716,40,0,190,0
2020-12-25,Haveri,2,10948,4,10720,38,0,190,0
2020-12-26,Haveri,1,10949,7,10727,32,0,190,0
2020-12-27,Haveri,3,10952,9,10736,26,0,190,0
2020-12-28,Haveri,1,10953,4,10740,23,0,190,0
2020-12-29,Haveri,0,10953,7,10747,16,0,190,0
2020-12-30,Haveri,6,10959,2,10749,20,0,190,0
2020-12-31,Haveri,1,10960,5,10754,16,0,190,0
2021-01-01,Haveri,2,10962,1,10755,17,0,190,0
2021-01-02,Haveri,3,10965,2,10757,18,0,190,0
2021-01-03,Haveri,8,10973,2,10759,24,0,190,0
2021-01-04,Haveri,0,10973,1,10760,23,0,190,0
2021-01-05,Haveri,1,10974,2,10762,22,0,190,0
2021-01-06,Haveri,0,10974,2,10764,20,0,190,0
2021-01-07,Haveri,3,10977,4,10768,19,0,190,0
2021-01-08,Haveri,0,10977,2,10770,17,0,190,0
2021-01-09,Haveri,0,10977,2,10772,15,0,190,0
2021-01-10,Haveri,1,10978,2,10774,14,0,190,0
2021-01-11,Haveri,2,10980,2,10776,14,0,190,0
2021-01-12,Haveri,2,10982,4,10780,12,0,190,0
2021-01-13,Haveri,0,10982,4,10784,8,0,190,0
2021-01-14,Haveri,1,10983,2,10786,7,0,190,0
2021-01-15,Haveri,1,10984,1,10787,7,0,190,0
2021-01-16,Haveri,2,10986,1,10788,8,0,190,0
2021-01-17,Haveri,0,10986,0,10788,8,0,190,0
2021-01-18,Haveri,0,10986,0,10788,8,0,190,0
2021-01-19,Haveri,0,10986,2,10790,6,0,190,0
2021-01-20,Haveri,2,10988,1,10791,7,0,190,0
2021-01-21,Haveri,3,10991,2,10793,8,0,190,0
2021-01-22,Haveri,0,10991,0,10793,8,0,190,0
2021-01-23,Haveri,2,10993,2,10795,8,0,190,0
2021-01-24,Haveri,3,10996,0,10795,11,0,190,0
2021-01-25,Haveri,0,10996,1,10796,10,0,190,0
2021-01-26,Haveri,2,10998,0,10796,12,0,190,0
2021-01-27,Haveri,0,10998,0,10796,12,0,190,0
2021-01-28,Haveri,1,10999,0,10796,13,0,190,0
2021-01-29,Haveri,1,11000,2,10798,12,0,190,0
2021-01-30,Haveri,0,11000,3,10801,9,0,190,0
2021-01-31,Haveri,0,11000,0,10801,9,0,190,0
2021-02-01,Haveri,0,11000,1,10802,8,0,190,0
2021-02-02,Haveri,1,11001,1,10803,8,0,190,0
2021-02-03,Haveri,0,11001,3,10806,5,0,190,0
2021-02-04,Haveri,0,11001,1,10807,4,0,190,0
2021-02-05,Haveri,0,11001,1,10808,3,0,190,0
2021-02-06,Haveri,0,11001,0,10808,3,0,190,0
2021-02-07,Haveri,0,11001,1,10809,2,0,190,0
2021-02-08,Haveri,3,11004,1,10810,4,0,190,0
2021-02-09,Haveri,0,11004,0,10810,4,0,190,0
2021-02-10,Haveri,1,11005,0,10810,5,0,190,0
2021-02-11,Haveri,0,11005,1,10811,4,0,190,0
2021-02-12,Haveri,1,11006,0,10811,5,0,190,0
2021-02-13,Haveri,0,11006,0,10811,5,0,190,0
2021-02-14,Haveri,0,11006,0,10811,5,0,190,0
2021-02-15,Haveri,3,11009,1,10812,7,0,190,0
2021-02-16,Haveri,2,11011,0,10812,9,0,190,0
2021-02-17,Haveri,0,11011,2,10814,7,0,190,0
2021-02-18,Haveri,0,11011,0,10814,7,0,190,0
2021-02-19,Haveri,1,11012,1,10815,7,0,190,0
2021-02-20,Haveri,3,11015,0,10815,10,0,190,0
2021-02-21,Haveri,0,11015,1,10816,9,0,190,0
2021-02-22,Haveri,1,11016,1,10817,9,0,190,0
2021-02-23,Haveri,1,11017,0,10817,10,0,190,0
2021-02-24,Haveri,0,11017,1,10818,9,0,190,0
2021-02-25,Haveri,0,11017,3,10821,6,0,190,0
2021-02-26,Haveri,3,11020,0,10821,9,0,190,0
2021-02-27,Haveri,0,11020,0,10821,9,0,190,0
2021-02-28,Haveri,0,11020,3,10824,6,0,190,0
2021-03-01,Haveri,0,11020,1,10825,5,0,190,0
2021-03-02,Haveri,1,11021,2,10827,4,0,190,0
2021-03-03,Haveri,1,11022,0,10827,5,0,190,0
2021-03-04,Haveri,0,11022,2,10829,3,0,190,0
2021-03-05,Haveri,1,11023,1,10830,3,0,190,0
2021-03-06,Haveri,1,11024,0,10830,4,0,190,0
2021-03-07,Haveri,1,11025,0,10830,5,0,190,0
2021-03-08,Haveri,0,11025,0,10830,5,0,190,0
2021-03-09,Haveri,0,11025,0,10830,5,0,190,0
2021-03-10,Haveri,1,11026,0,10830,6,0,190,0
2021-03-11,Haveri,0,11026,1,10831,5,0,190,0
2021-03-12,Haveri,0,11026,2,10833,3,0,190,0
2021-03-13,Haveri,0,11026,1,10834,2,0,190,0
2021-03-14,Haveri,1,11027,1,10835,2,0,190,0
2021-03-15,Haveri,1,11028,0,10835,3,0,190,0
2021-03-16,Haveri,0,11028,1,10836,2,0,190,0
2021-03-17,Haveri,1,11029,0,10836,3,0,190,0
2021-03-18,Haveri,0,11029,0,10836,3,0,190,0
2021-03-19,Haveri,1,11030,0,10836,4,0,190,0
2021-03-20,Haveri,0,11030,1,10837,3,0,190,0
2021-03-21,Haveri,1,11031,0,10837,4,0,190,0
2021-03-22,Haveri,2,11033,0,10837,6,0,190,0
2021-03-23,Haveri,4,11037,1,10838,9,0,190,0
2021-03-24,Haveri,1,11038,1,10839,9,0,190,0
2021-03-25,Haveri,1,11039,1,10840,9,0,190,0
2021-03-26,Haveri,5,11044,0,10840,14,0,190,0
2021-03-27,Haveri,2,11046,0,10840,16,0,190,0
2021-03-28,Haveri,2,11048,1,10841,17,0,190,0
2021-03-29,Haveri,3,11051,0,10841,20,0,190,0
2021-03-30,Haveri,0,11051,3,10844,17,0,190,0
2021-03-31,Haveri,1,11052,3,10847,15,0,190,0
2021-04-01,Haveri,4,11056,0,10847,19,0,190,0
2021-04-02,Haveri,8,11064,1,10848,26,0,190,0
2021-04-03,Haveri,4,11068,2,10850,28,0,190,0
2021-04-04,Haveri,7,11075,1,10851,34,0,190,0
2021-04-05,Haveri,4,11079,5,10856,32,1,191,0
2021-04-06,Haveri,5,11084,2,10858,35,0,191,0
2021-04-07,Haveri,12,11096,1,10859,46,0,191,0
2021-04-08,Haveri,15,11111,2,10861,59,0,191,0
2021-04-09,Haveri,13,11124,1,10862,71,0,191,0
2021-04-10,Haveri,16,11140,6,10868,81,0,191,0
2021-04-11,Haveri,22,11162,5,10873,98,0,191,0
2021-04-12,Haveri,36,11198,8,10881,126,0,191,0
2021-04-13,Haveri,17,11215,5,10886,137,1,192,0
2021-04-14,Haveri,44,11259,3,10889,178,0,192,0
2021-04-15,Haveri,27,11286,5,10894,200,0,192,0
2021-04-16,Haveri,35,11321,14,10908,221,0,192,0
2021-04-17,Haveri,48,11369,9,10917,260,0,192,0
2021-04-18,Haveri,43,11412,10,10927,293,0,192,0
2021-04-19,Haveri,36,11448,21,10948,307,1,193,0
2021-04-20,Haveri,37,11485,20,10968,324,0,193,0
2021-04-21,Haveri,27,11512,37,11005,313,1,194,0
2021-04-22,Haveri,46,11558,36,11041,323,0,194,0
2021-04-23,Haveri,74,11632,58,11099,335,4,198,0
2021-04-24,Haveri,92,11724,39,11138,385,3,201,0
2021-04-25,Haveri,99,11823,52,11190,430,2,203,0
2021-04-26,Haveri,78,11901,35,11225,469,4,207,0
2021-04-27,Haveri,99,12000,40,11265,525,3,210,0
2021-04-28,Haveri,36,12036,30,11295,529,2,212,0
2021-04-29,Haveri,111,12147,49,11344,585,6,218,0
2021-04-30,Haveri,90,12237,53,11397,620,2,220,0
2021-05-01,Haveri,168,12405,131,11528,655,2,222,0
2021-05-02,Haveri,157,12562,110,11638,698,4,226,0
2021-05-03,Haveri,330,12892,94,11732,932,2,228,0
2021-05-04,Haveri,408,13300,86,11818,1248,6,234,0
2021-05-05,Haveri,224,13524,89,11907,1379,4,238,0
2021-05-06,Haveri,236,13760,114,12021,1498,3,241,0
2021-05-07,Haveri,214,13974,315,12336,1388,9,250,0
2021-05-08,Haveri,169,14143,255,12591,1292,10,260,0
2021-05-09,Haveri,370,14513,148,12739,1506,8,268,0
2021-05-10,Haveri,214,14727,245,12984,1463,12,280,0
2021-05-11,Haveri,465,15192,148,13132,1775,5,285,0
2021-05-12,Haveri,189,15381,123,13255,1831,10,295,0
2021-05-13,Haveri,160,15541,218,13473,1764,9,304,0
2021-05-14,Haveri,292,15833,230,13703,1817,9,313,0
2021-05-15,Haveri,267,16100,282,13985,1796,6,319,0
2021-05-16,Haveri,184,16284,186,14171,1783,11,330,0
2021-05-17,Haveri,142,16426,237,14408,1678,10,340,0
2021-05-18,Haveri,187,16613,257,14665,1602,6,346,0
2021-05-19,Haveri,170,16783,216,14881,1545,11,357,0
2021-05-20,Haveri,321,17104,193,15074,1665,8,365,0
2021-05-21,Haveri,387,17491,209,15283,1836,7,372,0
2021-05-22,Haveri,342,17833,257,15540,1915,6,378,0
2021-05-23,Haveri,243,18076,244,15784,1906,8,386,0
2021-05-24,Haveri,312,18388,145,15929,2066,7,393,0
2021-05-25,Haveri,168,18556,171,16100,2056,7,400,0
2021-05-26,Haveri,330,18886,114,16214,2265,7,407,0
2021-05-27,Haveri,159,19045,232,16446,2188,4,411,0
2021-05-28,Haveri,137,19182,356,16802,1964,5,416,0
2021-05-29,Haveri,194,19376,310,17112,1841,7,423,0
2021-05-30,Haveri,206,19582,295,17407,1742,10,433,0
2021-05-31,Haveri,134,19716,256,17663,1613,7,440,0
2021-06-01,Haveri,219,19935,311,17974,1515,6,446,0
2021-06-02,Haveri,79,20014,218,18192,1370,6,452,0
2021-06-03,Haveri,146,20160,190,18382,1318,8,460,0
