Date,District Name,Today’s Positives,Total Positives,Today’s Discharges,Total Discharges,Total Active Cases,Today’s Reported Covid Deaths,Total Covid Deaths,Death due to Non- Covid reasons
2020-07-01,Kalaburagi,14,1450,8,1103,329,0,18,0
2020-07-02,Kalaburagi,38,1488,23,1126,343,1,19,0
2020-07-03,Kalaburagi,72,1560,17,1143,395,3,22,0
2020-07-04,Kalaburagi,37,1597,46,1189,383,3,25,0
2020-07-05,Kalaburagi,49,1646,52,1241,378,2,27,0
2020-07-06,Kalaburagi,53,1699,69,1310,362,0,27,0
2020-07-07,Kalaburagi,51,1750,19,1329,392,2,29,0
2020-07-08,Kalaburagi,66,1816,22,1351,435,1,30,0
2020-07-10,Kalaburagi,58,1959,52,1444,481,4,34,0
2020-07-11,Kalaburagi,65,2024,16,1460,528,2,36,0
2020-07-12,Kalaburagi,79,2103,17,1477,590,0,36,0
2020-07-13,Kalaburagi,89,2192,29,1506,650,0,36,0
2020-07-14,Kalaburagi,121,2313,13,1519,757,1,37,0
2020-07-15,Kalaburagi,67,2380,1,1520,823,0,37,0
2020-07-16,Kalaburagi,123,2503,5,1525,940,1,38,0
2020-07-17,Kalaburagi,89,2592,42,1567,987,0,38,0
2020-07-19,Kalaburagi,69,2743,80,1771,926,3,46,0
2020-07-20,Kalaburagi,124,2867,55,1826,993,2,48,0
2020-07-21,Kalaburagi,99,2966,8,1834,1084,0,48,0
2020-07-22,Kalaburagi,175,3141,47,1881,1211,1,49,0
2020-07-23,Kalaburagi,229,3370,14,1895,1426,0,49,0
2020-07-24,Kalaburagi,159,3529,26,1921,1554,5,54,0
2020-07-25,Kalaburagi,183,3712,145,2066,1588,4,58,0
2020-07-26,Kalaburagi,152,3864,132,2198,1602,6,64,0
2020-07-27,Kalaburagi,631,4495,73,2271,2158,2,66,0
2020-07-28,Kalaburagi,283,4778,39,2310,2396,6,72,0
2020-07-29,Kalaburagi,168,4946,119,2429,2435,10,82,0
2020-07-30,Kalaburagi,220,5166,124,2553,2524,7,89,0
2020-07-31,Kalaburagi,144,5310,148,2702,2513,6,95,0
2020-08-01,Kalaburagi,219,5529,130,2832,2597,5,100,0
2020-08-02,Kalaburagi,238,5767,117,2949,2712,6,106,0
2020-08-03,Kalaburagi,170,5937,369,3318,2508,5,111,0
2020-08-04,Kalaburagi,285,6222,152,3470,2639,2,113,0
2020-08-05,Kalaburagi,197,6419,353,3823,2479,4,117,0
2020-08-06,Kalaburagi,196,6615,230,4053,2440,5,122,0
2020-08-07,Kalaburagi,271,6886,203,4256,2501,7,129,0
2020-08-08,Kalaburagi,261,7147,265,4521,2490,7,136,0
2020-08-09,Kalaburagi,194,7341,208,4729,2472,4,140,0
2020-08-10,Kalaburagi,196,7537,108,4837,2559,1,141,0
2020-08-11,Kalaburagi,156,7693,155,4992,2559,1,142,0
2020-08-12,Kalaburagi,144,7837,334,5326,2366,3,145,0
2020-08-13,Kalaburagi,285,8122,448,5774,2194,9,154,0
2020-08-14,Kalaburagi,229,8351,376,6150,2042,5,159,0
2020-08-15,Kalaburagi,189,8540,219,6369,2010,2,161,0
2020-08-16,Kalaburagi,285,8825,322,6691,1971,2,163,0
2020-08-17,Kalaburagi,211,9036,194,6885,1981,7,170,0
2020-08-18,Kalaburagi,229,9265,246,7131,1962,2,172,0
2020-08-19,Kalaburagi,154,9419,247,7378,1866,3,175,0
2020-08-20,Kalaburagi,210,9629,176,7554,1896,4,179,0
2020-08-21,Kalaburagi,145,9774,161,7715,1873,7,186,0
2020-08-22,Kalaburagi,165,9939,198,7913,1838,2,188,0
2020-08-23,Kalaburagi,203,10142,215,8128,1824,2,190,0
2020-08-24,Kalaburagi,176,10318,225,8353,1773,2,192,0
2020-08-25,Kalaburagi,227,10545,189,8542,1808,3,195,0
2020-08-26,Kalaburagi,180,10725,170,8712,1818,0,195,0
2020-08-27,Kalaburagi,232,10957,205,8917,1842,3,198,0
2020-08-28,Kalaburagi,222,11179,87,9004,1975,2,200,0
2020-08-29,Kalaburagi,173,11352,317,9321,1827,4,204,0
2020-08-30,Kalaburagi,199,11551,159,9480,1865,2,206,0
2020-08-31,Kalaburagi,161,11712,38,9518,1984,4,210,0
2020-09-01,Kalaburagi,220,11932,86,9604,2114,4,214,0
2020-09-02,Kalaburagi,194,12126,96,9700,2207,5,219,0
2020-09-03,Kalaburagi,195,12321,140,9840,2261,1,220,0
2020-09-04,Kalaburagi,226,12547,237,10077,2248,2,222,0
2020-09-06,Kalaburagi,165,12910,215,10522,2163,2,225,0
2020-09-07,Kalaburagi,141,13051,241,10772,2050,4,229,0
2020-09-08,Kalaburagi,199,13250,176,10948,2071,2,231,0
2020-09-09,Kalaburagi,241,13491,195,11143,2115,2,233,0
2020-09-10,Kalaburagi,243,13734,234,11377,2122,2,235,0
2020-09-11,Kalaburagi,261,13995,144,11521,2235,4,239,0
2020-09-12,Kalaburagi,222,14217,136,11657,2318,3,242,0
2020-09-13,Kalaburagi,214,14431,165,11822,2367,0,242,0
2020-09-14,Kalaburagi,185,14616,209,12031,2340,3,245,0
2020-09-15,Kalaburagi,144,14760,87,12118,2394,3,248,0
2020-09-16,Kalaburagi,221,14979,0,12118,2613,0,248,0
2020-09-17,Kalaburagi,175,15154,0,12118,2788,0,248,0
2020-09-18,Kalaburagi,179,15333,202,12320,2759,6,254,0
2020-09-19,Kalaburagi,110,15443,352,12672,2514,3,257,0
2020-09-20,Kalaburagi,136,15579,255,12927,2394,1,258,0
2020-09-21,Kalaburagi,151,15730,115,13042,2429,1,259,0
2020-09-22,Kalaburagi,168,15898,417,13459,2177,3,262,0
2020-09-23,Kalaburagi,100,15998,0,13459,2277,0,262,0
2020-09-24,Kalaburagi,85,16083,113,13572,2249,0,262,0
2020-09-25,Kalaburagi,226,16309,65,13637,2407,3,265,0
2020-09-26,Kalaburagi,249,16558,129,13766,2526,1,266,0
2020-09-27,Kalaburagi,10,16568,18,13784,2512,6,272,0
2020-09-28,Kalaburagi,273,16841,119,13903,2664,2,274,0
2020-09-29,Kalaburagi,161,17002,83,13986,2740,2,276,0
2020-09-30,Kalaburagi,97,17099,99,14085,2737,1,277,0
2020-10-01,Kalaburagi,219,17318,96,14181,2860,0,277,0
2020-10-02,Kalaburagi,98,17416,482,14663,2475,1,278,0
2020-10-03,Kalaburagi,107,17523,322,14985,2258,2,280,0
2020-10-04,Kalaburagi,121,17644,57,15042,2320,2,282,0
2020-10-05,Kalaburagi,127,17771,191,15233,2255,1,283,0
2020-10-06,Kalaburagi,103,17874,198,15431,2159,1,284,0
2020-10-07,Kalaburagi,180,18054,204,15635,2134,1,285,0
2020-10-08,Kalaburagi,128,18182,64,15699,2193,5,290,0
2020-10-09,Kalaburagi,144,18326,357,16056,1980,0,290,0
2020-10-10,Kalaburagi,104,18430,81,16137,1999,4,294,0
2020-10-11,Kalaburagi,81,18511,806,16943,1273,1,295,0
2020-10-12,Kalaburagi,127,18638,52,16995,1348,0,295,0
2020-10-13,Kalaburagi,114,18752,61,17056,1400,1,296,0
2020-10-14,Kalaburagi,39,18791,117,17173,1322,0,296,0
2020-10-15,Kalaburagi,42,18833,85,17258,1278,1,297,0
2020-10-16,Kalaburagi,66,18899,231,17489,1112,1,298,0
2020-10-17,Kalaburagi,40,18939,62,17551,1090,0,298,0
2020-10-18,Kalaburagi,67,19006,168,17719,988,1,299,0
2020-10-19,Kalaburagi,75,19081,202,17921,859,2,301,0
2020-10-20,Kalaburagi,67,19148,216,18137,710,0,301,0
2020-10-21,Kalaburagi,83,19231,44,18181,746,3,304,0
2020-10-22,Kalaburagi,55,19286,103,18284,697,1,305,0
2020-10-24,Kalaburagi,71,19419,111,18475,638,1,306,0
2020-10-25,Kalaburagi,62,19481,65,18540,635,0,306,0
2020-10-26,Kalaburagi,37,19518,34,18574,638,0,306,0
2020-10-27,Kalaburagi,31,19549,62,18636,605,2,308,0
2020-10-28,Kalaburagi,29,19578,78,18714,553,3,311,0
2020-10-29,Kalaburagi,35,19613,61,18775,526,1,312,0
2020-10-30,Kalaburagi,50,19663,77,18852,499,0,312,0
2020-10-31,Kalaburagi,32,19695,35,18887,496,0,312,0
2020-12-01,Kalaburagi,8,20475,10,19902,254,0,319,0
2020-12-02,Kalaburagi,26,20501,49,19951,230,1,320,0
2020-12-03,Kalaburagi,26,20527,27,19978,229,0,320,0
2020-12-04,Kalaburagi,19,20546,42,20020,206,0,320,0
2020-12-05,Kalaburagi,15,20561,20,20040,201,0,320,0
2020-12-06,Kalaburagi,23,20584,21,20061,203,0,320,0
2020-12-07,Kalaburagi,27,20611,18,20079,212,0,320,0
2020-12-08,Kalaburagi,24,20635,32,20111,204,0,320,0
2020-12-09,Kalaburagi,12,20647,20,20131,195,1,321,0
2020-12-10,Kalaburagi,26,20673,14,20145,207,0,321,0
2020-12-11,Kalaburagi,17,20690,14,20159,210,0,321,0
2020-12-12,Kalaburagi,13,20703,21,20180,202,0,321,0
2020-12-13,Kalaburagi,11,20714,19,20199,194,0,321,0
2020-12-14,Kalaburagi,12,20726,16,20215,190,0,321,0
2020-12-15,Kalaburagi,20,20746,17,20232,193,0,321,0
2020-12-16,Kalaburagi,30,20776,20,20252,203,0,321,0
2020-12-17,Kalaburagi,13,20789,27,20279,189,0,321,0
2020-12-18,Kalaburagi,26,20815,22,20301,193,0,321,0
2020-12-19,Kalaburagi,50,20865,18,20319,225,0,321,0
2020-12-20,Kalaburagi,22,20887,31,20350,216,0,321,0
2020-12-21,Kalaburagi,10,20897,20,20370,206,0,321,0
2020-12-22,Kalaburagi,36,20933,11,20381,230,1,322,0
2020-12-23,Kalaburagi,18,20951,14,20395,234,0,322,0
2020-12-24,Kalaburagi,18,20969,18,20413,234,0,322,0
2020-12-25,Kalaburagi,34,21003,13,20426,255,0,322,0
2020-12-26,Kalaburagi,14,21017,26,20452,242,1,323,0
2020-12-27,Kalaburagi,12,21029,20,20472,234,0,323,0
2020-12-28,Kalaburagi,14,21043,17,20489,231,0,323,0
2020-12-29,Kalaburagi,5,21048,44,20533,192,0,323,0
2020-12-30,Kalaburagi,17,21065,12,20545,197,0,323,0
2020-12-31,Kalaburagi,18,21083,19,20564,196,0,323,0
2021-01-01,Kalaburagi,11,21094,29,20593,178,0,323,0
2021-01-02,Kalaburagi,17,21111,19,20612,176,0,323,0
2021-01-03,Kalaburagi,15,21126,11,20623,179,1,324,0
2021-01-04,Kalaburagi,18,21144,14,20637,183,0,324,0
2021-01-05,Kalaburagi,24,21168,30,20667,176,1,325,0
2021-01-06,Kalaburagi,20,21188,14,20681,182,0,325,0
2021-01-07,Kalaburagi,17,21205,16,20697,183,0,325,0
2021-01-08,Kalaburagi,35,21240,15,20712,203,0,325,0
2021-01-09,Kalaburagi,12,21252,12,20724,203,0,325,0
2021-01-10,Kalaburagi,18,21270,18,20742,203,0,325,0
2021-01-11,Kalaburagi,14,21284,14,20756,203,0,325,0
2021-01-12,Kalaburagi,20,21304,14,20770,208,1,326,0
2021-01-13,Kalaburagi,16,21320,15,20785,209,0,326,0
2021-01-14,Kalaburagi,13,21333,15,20800,207,0,326,0
2021-01-15,Kalaburagi,24,21357,22,20822,208,1,327,0
2021-01-16,Kalaburagi,12,21369,26,20848,194,0,327,0
2021-01-17,Kalaburagi,21,21390,16,20864,199,0,327,0
2021-01-18,Kalaburagi,11,21401,20,20884,190,0,327,0
2021-01-19,Kalaburagi,8,21409,26,20910,172,0,327,0
2021-01-20,Kalaburagi,7,21416,17,20927,162,0,327,0
2021-01-21,Kalaburagi,40,21456,21,20948,181,0,327,0
2021-01-22,Kalaburagi,9,21465,16,20964,174,0,327,0
2021-01-23,Kalaburagi,39,21504,13,20977,199,1,328,0
2021-01-24,Kalaburagi,16,21520,13,20990,202,0,328,0
2021-01-25,Kalaburagi,20,21540,15,21005,207,0,328,0
2021-01-26,Kalaburagi,15,21555,21,21026,201,0,328,0
2021-01-27,Kalaburagi,12,21567,19,21045,194,0,328,0
2021-01-28,Kalaburagi,16,21583,19,21064,191,0,328,0
2021-01-29,Kalaburagi,12,21595,18,21082,185,0,328,0
2021-01-30,Kalaburagi,12,21607,13,21095,184,0,328,0
2021-01-31,Kalaburagi,18,21625,14,21109,188,0,328,0
2021-02-01,Kalaburagi,10,21635,18,21127,180,0,328,0
2021-02-02,Kalaburagi,3,21638,7,21134,176,0,328,0
2021-02-03,Kalaburagi,18,21656,36,21170,158,0,328,0
2021-02-04,Kalaburagi,14,21670,12,21182,160,0,328,0
2021-02-05,Kalaburagi,20,21690,13,21195,167,0,328,0
2021-02-06,Kalaburagi,14,21704,18,21213,163,0,328,0
2021-02-07,Kalaburagi,20,21724,7,21220,176,0,328,0
2021-02-08,Kalaburagi,13,21737,21,21241,168,0,328,0
2021-02-09,Kalaburagi,8,21745,16,21257,160,0,328,0
2021-02-10,Kalaburagi,14,21759,11,21268,163,0,328,0
2021-02-11,Kalaburagi,10,21769,10,21278,163,0,328,0
2021-02-12,Kalaburagi,12,21781,8,21286,167,0,328,0
2021-02-13,Kalaburagi,17,21798,13,21299,171,0,328,0
2021-02-14,Kalaburagi,12,21810,25,21324,157,1,329,0
2021-02-15,Kalaburagi,10,21820,13,21337,154,0,329,0
2021-02-16,Kalaburagi,9,21829,11,21348,152,0,329,0
2021-02-17,Kalaburagi,10,21839,17,21365,145,0,329,0
2021-02-18,Kalaburagi,14,21853,29,21394,130,0,329,0
2021-02-19,Kalaburagi,23,21876,18,21412,135,0,329,0
2021-02-20,Kalaburagi,13,21889,11,21423,137,0,329,0
2021-02-21,Kalaburagi,23,21912,11,21434,149,0,329,0
2021-02-22,Kalaburagi,4,21916,12,21446,141,0,329,0
2021-02-23,Kalaburagi,8,21924,13,21459,136,0,329,0
2021-02-24,Kalaburagi,13,21937,12,21471,137,0,329,0
2021-02-25,Kalaburagi,12,21949,12,21483,136,1,330,0
2021-02-26,Kalaburagi,21,21970,11,21494,146,0,330,0
2021-02-27,Kalaburagi,17,21987,6,21500,157,0,330,0
2021-02-28,Kalaburagi,20,22007,9,21509,168,0,330,0
2021-03-01,Kalaburagi,14,22021,20,21529,162,0,330,0
2021-03-02,Kalaburagi,8,22029,12,21541,158,0,330,0
2021-03-03,Kalaburagi,20,22049,19,21560,159,0,330,0
2021-03-04,Kalaburagi,23,22072,18,21578,164,0,330,0
2021-03-05,Kalaburagi,37,22109,25,21603,176,0,330,0
2021-03-06,Kalaburagi,18,22127,7,21610,187,0,330,0
2021-03-07,Kalaburagi,34,22161,15,21625,206,0,330,0
2021-03-08,Kalaburagi,22,22183,23,21648,205,0,330,0
2021-03-09,Kalaburagi,25,22208,17,21665,213,0,330,0
2021-03-10,Kalaburagi,37,22245,10,21675,240,0,330,0
2021-03-11,Kalaburagi,20,22265,18,21693,242,0,330,0
2021-03-12,Kalaburagi,38,22303,17,21710,262,1,331,0
2021-03-13,Kalaburagi,35,22338,20,21730,277,0,331,0
2021-03-14,Kalaburagi,43,22381,27,21757,293,0,331,0
2021-03-15,Kalaburagi,43,22424,28,21785,308,0,331,0
2021-03-16,Kalaburagi,46,22470,34,21819,319,1,332,0
2021-03-17,Kalaburagi,61,22531,25,21844,355,0,332,0
2021-03-18,Kalaburagi,59,22590,25,21869,389,0,332,0
2021-03-19,Kalaburagi,61,22651,31,21900,419,0,332,0
2021-03-20,Kalaburagi,61,22712,33,21933,447,0,332,0
2021-03-21,Kalaburagi,41,22753,41,21974,447,0,332,0
2021-03-22,Kalaburagi,43,22796,42,22016,447,1,333,0
2021-03-23,Kalaburagi,129,22925,30,22046,545,1,334,0
2021-03-24,Kalaburagi,118,23043,32,22078,630,1,335,0
2021-03-25,Kalaburagi,100,23143,45,22123,685,0,335,0
2021-03-26,Kalaburagi,109,23252,50,22173,742,2,337,0
2021-03-27,Kalaburagi,147,23399,61,22234,826,2,339,0
2021-03-28,Kalaburagi,159,23558,32,22266,952,1,340,0
2021-03-29,Kalaburagi,118,23676,27,22293,1043,0,340,0
2021-03-30,Kalaburagi,156,23832,82,22375,1116,1,341,0
2021-03-31,Kalaburagi,137,23969,47,22422,1204,2,343,0
2021-04-01,Kalaburagi,144,24113,103,22525,1244,1,344,0
2021-04-02,Kalaburagi,105,24218,133,22658,1215,1,345,0
2021-04-03,Kalaburagi,151,24369,93,22751,1272,1,346,0
2021-04-04,Kalaburagi,170,24539,83,22834,1356,3,349,0
2021-04-05,Kalaburagi,181,24720,121,22955,1414,2,351,0
2021-04-06,Kalaburagi,261,24981,185,23140,1488,2,353,0
2021-04-07,Kalaburagi,205,25186,135,23275,1556,2,355,0
2021-04-08,Kalaburagi,240,25426,156,23431,1637,3,358,0
2021-04-09,Kalaburagi,211,25637,80,23511,1766,2,360,0
2021-04-10,Kalaburagi,276,25913,118,23629,1922,2,362,0
2021-04-11,Kalaburagi,291,26204,236,23865,1975,2,364,0
2021-04-12,Kalaburagi,335,26539,228,24093,2082,0,364,0
2021-04-13,Kalaburagi,290,26829,249,24342,2119,4,368,0
2021-04-14,Kalaburagi,376,27205,260,24602,2232,3,371,0
2021-04-15,Kalaburagi,624,27829,189,24791,2666,1,372,0
2021-04-16,Kalaburagi,488,28317,246,25037,2905,3,375,0
2021-04-17,Kalaburagi,560,28877,211,25248,3251,3,378,0
2021-04-18,Kalaburagi,671,29548,141,25389,3781,0,378,0
2021-04-19,Kalaburagi,513,30061,219,25608,4069,6,384,0
2021-04-20,Kalaburagi,818,30879,167,25775,4713,7,391,0
2021-04-21,Kalaburagi,757,31636,121,25896,5341,8,399,0
2021-04-22,Kalaburagi,659,32295,288,26184,5701,11,410,0
2021-04-23,Kalaburagi,742,33037,210,26394,6226,7,417,0
2021-04-24,Kalaburagi,791,33828,289,26683,6720,8,425,0
2021-04-25,Kalaburagi,626,34454,252,26935,7087,7,432,0
2021-04-26,Kalaburagi,872,35326,799,27734,7153,7,439,0
2021-04-27,Kalaburagi,772,36098,541,28275,7377,7,446,0
2021-04-28,Kalaburagi,901,36999,752,29027,7523,3,449,0
2021-04-29,Kalaburagi,957,37956,537,29564,7932,11,460,0
2021-04-30,Kalaburagi,1256,39212,788,30352,8394,6,466,0
2021-05-01,Kalaburagi,1407,40619,807,31159,8988,6,472,0
2021-05-02,Kalaburagi,427,41046,538,31697,8870,7,479,0
2021-05-03,Kalaburagi,1083,42129,830,32527,9118,5,484,0
2021-05-04,Kalaburagi,1162,43291,249,32776,10027,4,488,0
2021-05-05,Kalaburagi,1097,44388,885,33661,10224,15,503,0
2021-05-06,Kalaburagi,1652,46040,564,34225,11298,14,517,0
2021-05-07,Kalaburagi,1722,47762,879,35104,12122,19,536,0
2021-05-08,Kalaburagi,1661,49423,652,35756,13120,11,547,0
2021-05-09,Kalaburagi,1062,50485,578,36334,13592,12,559,0
2021-05-10,Kalaburagi,988,51473,279,36613,14298,3,562,0
2021-05-11,Kalaburagi,971,52444,89,36702,15175,5,567,0
2021-05-12,Kalaburagi,646,53090,301,37003,15497,23,590,0
2021-05-13,Kalaburagi,497,53587,386,37389,15607,1,591,0
2021-05-14,Kalaburagi,929,54516,679,38068,15836,21,612,0
2021-05-15,Kalaburagi,832,55348,1646,39714,15001,21,633,0
2021-05-16,Kalaburagi,645,55993,1879,41593,13757,10,643,0
2021-05-17,Kalaburagi,695,56688,3551,45144,10886,15,658,0
2021-05-18,Kalaburagi,548,57236,3825,48969,7602,7,665,0
2021-05-19,Kalaburagi,440,57676,866,49833,7160,18,683,0
2021-05-20,Kalaburagi,399,58075,858,50691,6690,11,694,0
2021-05-21,Kalaburagi,352,58427,979,51670,6059,4,698,0
2021-05-22,Kalaburagi,277,58704,691,52361,5638,7,705,0
2021-05-23,Kalaburagi,234,58938,580,52941,5277,15,720,0
2021-05-24,Kalaburagi,245,59183,866,53807,4647,9,729,0
2021-05-25,Kalaburagi,165,59348,797,54604,4004,11,740,0
2021-05-26,Kalaburagi,175,59523,1231,55835,2939,9,749,0
2021-05-27,Kalaburagi,153,59676,156,55991,2931,5,754,0
2021-05-28,Kalaburagi,91,59767,441,56432,2576,5,759,0
2021-05-29,Kalaburagi,107,59874,472,56904,2208,3,762,0
2021-05-30,Kalaburagi,107,59981,299,57203,2012,4,766,0
2021-05-31,Kalaburagi,93,60074,318,57521,1785,2,768,0
2021-06-01,Kalaburagi,82,60156,340,57861,1520,7,775,0
2021-06-02,Kalaburagi,117,60273,255,58116,1378,4,779,0
2021-06-03,Kalaburagi,119,60392,231,58347,1264,2,781,0
