Date,District Name,Today’s Positives,Total Positives,Today’s Discharges,Total Discharges,Total Active Cases,Today’s Reported Covid Deaths,Total Covid Deaths,Death due to Non- Covid reasons
2020-07-01,Kolara,5,127,4,57,68,0,2,0
2020-07-02,Kolara,12,139,0,57,80,0,2,0
2020-07-03,Kolara,11,150,5,62,86,0,2,0
2020-07-04,Kolara,11,161,3,65,94,0,2,0
2020-07-05,Kolara,13,174,7,72,100,0,2,0
2020-07-06,Kolara,10,184,10,82,100,0,2,0
2020-07-07,Kolara,6,190,7,89,99,0,2,0
2020-07-08,Kolara,16,206,1,90,114,0,2,0
2020-07-10,Kolara,9,249,0,90,157,0,2,0
2020-07-11,Kolara,12,261,24,114,145,0,2,0
2020-07-12,Kolara,24,285,7,121,162,0,2,0
2020-07-13,Kolara,21,306,0,121,183,0,2,0
2020-07-14,Kolara,11,317,3,124,191,0,2,0
2020-07-15,Kolara,15,332,8,132,198,0,2,0
2020-07-16,Kolara,43,375,0,132,235,6,8,0
2020-07-17,Kolara,51,426,0,132,285,1,9,0
2020-07-19,Kolara,25,486,0,132,340,5,14,0
2020-07-20,Kolara,41,527,52,184,329,0,14,0
2020-07-21,Kolara,103,630,0,184,428,4,18,0
2020-07-22,Kolara,88,718,10,194,505,1,19,0
2020-07-23,Kolara,40,758,50,244,495,0,19,0
2020-07-24,Kolara,36,794,36,280,494,1,20,0
2020-07-25,Kolara,68,862,70,350,492,0,20,0
2020-07-26,Kolara,49,911,8,358,533,0,20,0
2020-07-27,Kolara,142,1053,0,358,673,2,22,0
2020-07-28,Kolara,174,1227,0,358,846,1,23,0
2020-07-29,Kolara,34,1261,0,358,880,0,23,0
2020-07-30,Kolara,32,1293,90,448,820,2,25,0
2020-07-31,Kolara,32,1325,42,490,810,0,25,0
2020-08-01,Kolara,39,1364,0,490,849,0,25,0
2020-08-02,Kolara,51,1415,59,549,841,0,25,0
2020-08-03,Kolara,40,1455,0,549,881,0,25,0
2020-08-04,Kolara,46,1501,38,587,889,0,25,0
2020-08-05,Kolara,49,1550,150,737,784,4,29,0
2020-08-06,Kolara,107,1657,74,811,813,4,33,0
2020-08-07,Kolara,88,1745,43,854,855,3,36,0
2020-08-08,Kolara,57,1802,9,863,903,0,36,0
2020-08-09,Kolara,87,1889,0,863,982,8,44,0
2020-08-10,Kolara,100,1989,38,901,1044,0,44,0
2020-08-11,Kolara,69,2058,26,927,1087,0,44,0
2020-08-12,Kolara,33,2091,51,978,1067,2,46,0
2020-08-13,Kolara,77,2168,39,1017,1105,0,46,0
2020-08-14,Kolara,81,2249,21,1038,1165,0,46,0
2020-08-15,Kolara,55,2304,78,1116,1142,0,46,0
2020-08-16,Kolara,90,2394,160,1276,1072,0,46,0
2020-08-17,Kolara,121,2515,201,1477,992,0,46,0
2020-08-18,Kolara,71,2586,167,1644,896,0,46,0
2020-08-19,Kolara,86,2672,114,1758,868,0,46,0
2020-08-20,Kolara,69,2741,132,1890,804,1,47,0
2020-08-21,Kolara,50,2791,85,1975,767,2,49,0
2020-08-22,Kolara,69,2860,70,2045,766,0,49,0
2020-08-23,Kolara,47,2907,68,2113,743,2,51,0
2020-08-24,Kolara,45,2952,122,2235,666,0,51,0
2020-08-25,Kolara,47,2999,117,2352,594,2,53,0
2020-08-26,Kolara,88,3087,116,2468,563,3,56,0
2020-08-27,Kolara,108,3195,20,2488,651,0,56,0
2020-08-28,Kolara,74,3269,1,2489,721,3,59,0
2020-08-29,Kolara,51,3320,77,2566,692,3,62,0
2020-08-30,Kolara,82,3402,49,2615,725,0,62,0
2020-08-31,Kolara,60,3462,58,2673,726,1,63,0
2020-09-01,Kolara,64,3526,59,2732,730,1,64,0
2020-09-02,Kolara,83,3609,73,2805,740,0,64,0
2020-09-03,Kolara,103,3712,78,2883,765,0,64,0
2020-09-04,Kolara,86,3798,76,2959,774,1,65,0
2020-09-06,Kolara,119,4029,45,3174,789,0,66,0
2020-09-07,Kolara,26,4055,105,3281,708,0,66,0
2020-09-08,Kolara,30,4085,69,3350,667,2,68,0
2020-09-09,Kolara,97,4182,53,3403,710,1,69,0
2020-09-10,Kolara,104,4286,46,3449,766,2,71,0
2020-09-11,Kolara,70,4356,61,3510,775,0,71,0
2020-09-12,Kolara,53,4409,70,3580,756,2,73,0
2020-09-13,Kolara,73,4482,52,3632,775,2,75,0
2020-09-14,Kolara,57,4539,78,3710,754,0,75,0
2020-09-15,Kolara,69,4608,85,3795,736,2,77,0
2020-09-16,Kolara,101,4709,54,3849,782,1,78,0
2020-09-17,Kolara,115,4824,54,3903,843,0,78,0
2020-09-18,Kolara,63,4887,93,3996,813,0,78,0
2020-09-19,Kolara,91,4978,97,4093,807,0,78,0
2020-09-20,Kolara,105,5083,62,4155,850,0,78,0
2020-09-21,Kolara,53,5136,78,4233,825,0,78,0
2020-09-22,Kolara,52,5188,69,4302,808,0,78,0
2020-09-23,Kolara,44,5232,30,4332,822,0,78,0
2020-09-24,Kolara,31,5263,0,4332,853,0,78,0
2020-09-25,Kolara,58,5321,3,4335,907,1,79,0
2020-09-26,Kolara,165,5486,21,4356,1050,1,80,0
2020-09-27,Kolara,125,5611,28,4384,1144,3,83,0
2020-09-28,Kolara,90,5701,44,4428,1190,0,83,0
2020-09-29,Kolara,72,5773,105,4533,1157,0,83,0
2020-09-30,Kolara,78,5851,71,4604,1162,2,85,0
2020-10-01,Kolara,53,5904,66,4670,1144,5,90,0
2020-10-02,Kolara,29,5933,60,4730,1113,0,90,0
2020-10-03,Kolara,20,5953,25,4755,1108,0,90,0
2020-10-04,Kolara,165,6118,97,4852,1176,0,90,0
2020-10-05,Kolara,147,6265,102,4954,1221,0,90,0
2020-10-06,Kolara,161,6426,91,5045,1287,4,94,0
2020-10-07,Kolara,104,6530,1,5046,1386,4,98,0
2020-10-08,Kolara,129,6659,76,5122,1434,5,103,0
2020-10-09,Kolara,156,6815,151,5273,1435,4,107,0
2020-10-10,Kolara,174,6989,135,5408,1471,3,110,0
2020-10-11,Kolara,172,7161,98,5506,1538,7,117,0
2020-10-12,Kolara,59,7220,171,5677,1424,2,119,0
2020-10-13,Kolara,101,7321,108,5785,1414,3,122,0
2020-10-14,Kolara,93,7414,131,5916,1374,2,124,0
2020-10-15,Kolara,81,7495,134,6050,1319,2,126,0
2020-10-16,Kolara,69,7564,171,6221,1215,2,128,0
2020-10-17,Kolara,78,7642,78,6299,1210,5,133,0
2020-10-18,Kolara,71,7713,104,6403,1175,2,135,0
2020-10-19,Kolara,41,7754,134,6537,1080,2,137,0
2020-10-20,Kolara,29,7783,139,6676,966,4,141,0
2020-10-21,Kolara,49,7832,152,6828,863,0,141,0
2020-10-22,Kolara,52,7884,148,6976,765,2,143,0
2020-10-24,Kolara,45,7976,78,7198,631,2,147,0
2020-10-25,Kolara,49,8025,52,7250,626,2,149,0
2020-10-26,Kolara,75,8100,59,7309,641,1,150,0
2020-10-27,Kolara,16,8116,53,7362,603,1,151,0
2020-10-28,Kolara,74,8190,106,7468,569,2,153,0
2020-10-29,Kolara,28,8218,92,7560,505,0,153,0
2020-10-30,Kolara,62,8280,74,7634,493,0,153,0
2020-10-31,Kolara,47,8327,50,7684,489,1,154,0
2020-12-01,Kolara,25,9166,24,8868,130,0,168,0
2020-12-02,Kolara,30,9196,26,8894,133,1,169,0
2020-12-03,Kolara,32,9228,30,8924,134,1,170,0
2020-12-04,Kolara,25,9253,26,8950,132,1,171,0
2020-12-05,Kolara,22,9275,10,8960,143,1,172,0
2020-12-06,Kolara,11,9286,10,8970,143,1,173,0
2020-12-07,Kolara,25,9311,27,8997,141,0,173,0
2020-12-08,Kolara,32,9343,21,9018,152,0,173,0
2020-12-09,Kolara,16,9359,22,9040,146,0,173,0
2020-12-10,Kolara,13,9372,15,9055,144,0,173,0
2020-12-11,Kolara,19,9391,20,9075,143,0,173,0
2020-12-12,Kolara,10,9401,27,9102,125,1,174,0
2020-12-13,Kolara,14,9415,23,9125,116,0,174,0
2020-12-14,Kolara,25,9440,18,9143,123,0,174,0
2020-12-15,Kolara,26,9466,23,9166,126,0,174,0
2020-12-16,Kolara,16,9482,25,9191,117,0,174,0
2020-12-17,Kolara,29,9511,21,9212,125,0,174,0
2020-12-18,Kolara,16,9527,23,9235,118,0,174,0
2020-12-19,Kolara,9,9536,19,9254,108,0,174,0
2020-12-20,Kolara,24,9560,18,9272,114,0,174,0
2020-12-21,Kolara,31,9591,24,9296,121,0,174,0
2020-12-22,Kolara,19,9610,18,9314,122,0,174,0
2020-12-23,Kolara***,14,9624,17,9331,118,0,175,0
2020-12-24,Kolara,11,9635,14,9345,115,0,175,0
2020-12-25,Kolara,3,9638,5,9350,113,0,175,0
2020-12-26,Kolara,8,9646,9,9359,112,0,175,0
2020-12-27,Kolara,9,9655,6,9365,114,1,176,0
2020-12-28,Kolara,7,9662,9,9374,112,0,176,0
2020-12-29,Kolara,31,9693,16,9390,127,0,176,0
2020-12-30,Kolara,7,9700,9,9399,125,0,176,0
2020-12-31,Kolara,10,9710,10,9409,125,0,176,0
2021-01-01,Kolara,14,9724,9,9418,130,0,176,0
2021-01-02,Kolara,7,9731,10,9428,127,0,176,0
2021-01-03,Kolara,4,9735,23,9451,108,0,176,0
2021-01-04,Kolara,11,9746,26,9477,93,0,176,0
2021-01-05,Kolara,14,9760,14,9491,93,0,176,0
2021-01-06,Kolara,24,9784,10,9501,107,0,176,0
2021-01-07,Kolara,16,9800,3,9504,119,1,177,0
2021-01-08,Kolara,18,9818,19,9523,118,0,177,0
2021-01-09,Kolara,52,9870,19,9542,151,0,177,0
2021-01-10,Kolara,13,9883,14,9556,150,0,177,0
2021-01-11,Kolara,4,9887,10,9566,144,0,177,0
2021-01-12,Kolara,9,9896,14,9580,139,0,177,0
2021-01-13,Kolara,5,9901,15,9595,129,0,177,0
2021-01-14,Kolara,6,9907,17,9612,118,0,177,0
2021-01-15,Kolara,8,9915,12,9624,114,0,177,0
2021-01-16,Kolara,6,9921,12,9636,108,0,177,0
2021-01-17,Kolara,2,9923,12,9648,98,0,177,0
2021-01-18,Kolara,16,9939,17,9665,97,0,177,0
2021-01-19,Kolara,8,9947,16,9681,89,0,177,0
2021-01-20,Kolara,10,9957,11,9692,88,0,177,0
2021-01-21,Kolara,10,9967,14,9706,84,0,177,0
2021-01-22,Kolara,3,9970,9,9715,78,0,177,0
2021-01-23,Kolara,4,9974,13,9728,69,0,177,0
2021-01-24,Kolara,1,9975,4,9732,66,0,177,0
2021-01-25,Kolara,2,9977,4,9736,64,0,177,0
2021-01-26,Kolara,2,9979,5,9741,61,0,177,0
2021-01-27,Kolara,4,9983,10,9751,55,0,177,0
2021-01-28,Kolara,9,9992,9,9760,55,0,177,0
2021-01-29,Kolara,1,9993,4,9764,52,0,177,0
2021-01-30,Kolara,2,9995,6,9770,48,0,177,0
2021-01-31,Kolara,4,9999,7,9777,45,0,177,0
2021-02-01,Kolara,6,10005,6,9783,45,0,177,0
2021-02-02,Kolara,3,10008,2,9785,46,0,177,0
2021-02-03,Kolara,3,10011,4,9789,45,0,177,0
2021-02-04,Kolara,5,10016,5,9794,45,0,177,0
2021-02-05,Kolara,2,10018,5,9799,42,0,177,0
2021-02-06,Kolara,1,10019,2,9801,41,0,177,0
2021-02-07,Kolara,3,10022,2,9803,42,0,177,0
2021-02-08,Kolara,11,10033,3,9806,50,0,177,0
2021-02-09,Kolara,1,10034,6,9812,45,0,177,0
2021-02-10,Kolara,2,10036,4,9816,43,0,177,0
2021-02-11,Kolara,5,10041,7,9823,41,0,177,0
2021-02-12,Kolara,6,10047,5,9828,42,0,177,0
2021-02-13,Kolara,8,10055,4,9832,46,0,177,0
2021-02-14,Kolara,9,10064,3,9835,52,0,177,0
2021-02-15,Kolara,0,10064,7,9842,45,0,177,0
2021-02-16,Kolara,2,10066,4,9846,43,0,177,0
2021-02-17,Kolara,1,10067,3,9849,41,0,177,0
2021-02-18,Kolara,2,10069,3,9852,40,0,177,0
2021-02-19,Kolara,6,10075,4,9856,42,0,177,0
2021-02-20,Kolara,17,10092,8,9864,51,0,177,0
2021-02-21,Kolara,0,10092,7,9871,44,0,177,0
2021-02-22,Kolara,4,10096,4,9875,44,0,177,0
2021-02-23,Kolara,1,10097,4,9879,41,0,177,0
2021-02-24,Kolara,4,10101,5,9884,40,0,177,0
2021-02-25,Kolara,2,10103,4,9888,38,0,177,0
2021-02-26,Kolara,4,10107,5,9893,37,0,177,0
2021-02-27,Kolara,5,10112,3,9896,39,0,177,0
2021-02-28,Kolara,7,10119,6,9902,40,0,177,0
2021-03-01,Kolara,0,10119,4,9906,36,0,177,0
2021-03-02,Kolara,1,10120,3,9909,34,0,177,0
2021-03-03,Kolara,4,10124,4,9913,34,0,177,0
2021-03-04,Kolara,3,10127,3,9916,34,0,177,0
2021-03-05,Kolara,2,10129,3,9919,33,0,177,0
2021-03-06,Kolara,5,10134,4,9923,34,0,177,0
2021-03-07,Kolara,6,10140,4,9927,36,0,177,0
2021-03-08,Kolara,9,10149,6,9933,39,0,177,0
2021-03-09,Kolara,1,10150,4,9937,36,0,177,0
2021-03-10,Kolara,3,10153,3,9940,36,0,177,0
2021-03-11,Kolara,1,10154,3,9943,34,0,177,0
2021-03-12,Kolara,30,10184,4,9947,60,0,177,0
2021-03-13,Kolara,3,10187,7,9954,56,0,177,0
2021-03-14,Kolara,13,10200,7,9961,62,0,177,0
2021-03-15,Kolara,8,10208,5,9966,65,0,177,0
2021-03-16,Kolara,6,10214,4,9970,67,0,177,0
2021-03-17,Kolara,23,10237,9,9979,81,0,177,0
2021-03-18,Kolara,14,10251,8,9987,87,0,177,0
2021-03-19,Kolara,14,10265,9,9996,92,0,177,0
2021-03-20,Kolara,20,10285,13,10009,99,0,177,0
2021-03-21,Kolara,10,10295,8,10017,101,0,177,0
2021-03-22,Kolara,22,10317,9,10026,114,0,177,0
2021-03-23,Kolara,7,10324,12,10038,109,0,177,0
2021-03-24,Kolara,25,10349,11,10049,123,0,177,0
2021-03-25,Kolara,15,10364,11,10060,127,0,177,0
2021-03-26,Kolara,45,10409,15,10075,156,1,178,0
2021-03-27,Kolara,33,10442,14,10089,175,0,178,0
2021-03-28,Kolara,9,10451,10,10099,174,0,178,0
2021-03-29,Kolara,33,10484,15,10114,192,0,178,0
2021-03-30,Kolara,21,10505,29,10143,184,0,178,0
2021-03-31,Kolara,20,10525,30,10173,173,1,179,0
2021-04-01,Kolara,31,10556,25,10198,179,0,179,0
2021-04-02,Kolara,74,10630,40,10238,213,0,179,0
2021-04-03,Kolara,37,10667,39,10277,211,0,179,0
2021-04-04,Kolara,20,10687,38,10315,193,0,179,0
2021-04-05,Kolara,82,10769,24,10339,250,1,180,0
2021-04-06,Kolara,56,10825,26,10365,279,1,181,0
2021-04-07,Kolara,29,10854,65,10430,243,0,181,0
2021-04-08,Kolara,66,10920,28,10458,280,1,182,0
2021-04-09,Kolara,84,11004,57,10515,307,0,182,0
2021-04-10,Kolara,121,11125,49,10564,379,0,182,0
2021-04-11,Kolara,41,11166,38,10602,382,0,182,0
2021-04-12,Kolara,96,11262,34,10636,444,0,182,0
2021-04-13,Kolara,67,11329,36,10672,475,0,182,0
2021-04-14,Kolara,116,11445,118,10790,473,0,182,0
2021-04-15,Kolara,89,11534,94,10884,467,1,183,0
2021-04-16,Kolara,109,11643,75,10955,505,0,183,0
2021-04-17,Kolara,144,11787,69,11024,579,1,184,0
2021-04-18,Kolara,175,11962,81,11105,673,0,184,0
2021-04-19,Kolara,146,12108,100,11205,718,1,185,0
2021-04-20,Kolara,284,12392,105,11310,896,1,186,0
2021-04-21,Kolara,369,12761,93,11403,1171,1,187,0
2021-04-22,Kolara,587,13348,130,11533,1628,0,187,0
2021-04-23,Kolara,504,13852,146,11679,1981,5,192,0
2021-04-24,Kolara,373,14225,179,11858,2169,6,198,0
2021-04-25,Kolara,782,15007,197,12055,2752,2,200,0
2021-04-26,Kolara,421,15428,269,12324,2899,5,205,0
2021-04-27,Kolara,548,15976,587,12911,2858,2,207,0
2021-04-28,Kolara,1194,17170,692,13603,3356,4,211,0
2021-04-29,Kolara,536,17706,265,13868,3626,1,212,0
2021-04-30,Kolara,845,18551,640,14508,3828,3,215,0
2021-05-01,Kolara,440,18991,287,14795,3980,1,216,0
2021-05-02,Kolara,282,19273,404,15199,3853,5,221,0
2021-05-03,Kolara,656,19929,949,16148,3557,3,224,0
2021-05-04,Kolara,600,20529,764,16912,3393,0,224,0
2021-05-05,Kolara,1115,21644,511,17423,3992,5,229,0
2021-05-06,Kolara,756,22400,741,18164,4007,0,229,0
2021-05-07,Kolara,828,23228,663,18827,4170,2,231,0
2021-05-08,Kolara,903,24131,415,19242,4653,5,236,0
2021-05-09,Kolara,424,24555,551,19793,4523,3,239,0
2021-05-10,Kolara,755,25310,765,20558,4505,8,247,0
2021-05-11,Kolara,913,26223,875,21433,4540,3,250,0
2021-05-12,Kolara,815,27038,740,22173,4613,2,252,0
2021-05-13,Kolara,488,27526,151,22324,4947,3,255,0
2021-05-14,Kolara,306,27832,146,22470,5106,1,256,0
2021-05-15,Kolara,778,28610,152,22622,5727,5,261,0
2021-05-16,Kolara,569,29179,205,22827,6085,6,267,0
2021-05-17,Kolara,713,29892,161,22988,6629,8,275,0
2021-05-18,Kolara,1021,30913,173,23161,7475,2,277,0
2021-05-19,Kolara,895,31808,304,23465,8060,6,283,0
2021-05-20,Kolara,357,32165,434,23899,7974,9,292,0
2021-05-21,Kolara,479,32644,625,24524,7821,7,299,0
2021-05-22,Kolara,708,33352,664,25188,7859,6,305,0
2021-05-23,Kolara,439,33791,532,25720,7760,6,311,0
2021-05-24,Kolara,580,34371,779,26499,7552,9,320,0
2021-05-25,Kolara,585,34956,780,27279,7346,11,331,0
2021-05-26,Kolara,907,35863,1109,28388,7140,4,335,0
2021-05-27,Kolara,591,36454,635,29023,7093,3,338,0
2021-05-28,Kolara,656,37110,821,29844,6928,0,338,0
2021-05-29,Kolara,684,37794,513,30357,7095,4,342,0
2021-05-30,Kolara,341,38135,418,30775,7015,3,345,0
2021-05-31,Kolara,465,38600,608,31383,6870,2,347,0
2021-06-01,Kolara,338,38938,690,32073,6515,3,350,0
2021-06-02,Kolara,389,39327,450,32523,6452,2,352,0
2021-06-03,Kolara,317,39644,705,33228,6062,2,354,0
