Date,District Name,Today’s Positives,Total Positives,Today’s Discharges,Total Discharges,Total Active Cases,Today’s Reported Covid Deaths,Total Covid Deaths,Death due to Non- Covid reasons
2020-07-01,Mysuru,0.0,268,13,189,76,0,3,0
2020-07-02,Mysuru,68.0,336,8,197,135,1,4,0
2020-07-03,Mysuru,35.0,371,20,217,150,0,4,0
2020-07-04,Mysuru,38.0,409,21,238,167,0,4,0
2020-07-05,Mysuru,25.0,434,12,250,179,1,5,0
2020-07-06,Mysuru,45.0,479,21,271,200,3,8,0
2020-07-07,Mysuru,49.0,528,35,306,210,4,12,0
2020-07-08,Mysuru,59.0,587,18,324,249,2,14,0
2020-07-10,Mysuru,51.0,690,25,363,307,6,20,0
2020-07-11,Mysuru,83.0,773,22,385,360,8,28,0
2020-07-12,Mysuru,42.0,815,43,428,356,3,31,0
2020-07-13,Mysuru,151.0,966,54,482,447,6,37,0
2020-07-14,Mysuru,125.0,1091,16,498,552,4,41,0
2020-07-15,Mysuru,99.0,1190,5,503,640,6,47,0
2020-07-16,Mysuru,130.0,1320,28,531,739,3,50,0
2020-07-17,Mysuru,93.0,1413,20,551,805,7,57,0
2020-07-19,Mysuru,110.0,1624,23,598,956,11,70,0
2020-07-20,Mysuru,149.0,1773,27,625,1073,5,75,0
2020-07-21,Mysuru,135.0,1908,49,674,1154,5,80,0
2020-07-22,Mysuru,145.0,2053,19,693,1275,5,85,0
2020-07-23,Mysuru,116.0,2169,38,731,1345,8,93,0
2020-07-24,Mysuru,281.0,2450,18,749,1602,6,99,0
2020-07-25,Mysuru,187.0,2637,59,808,1722,8,107,0
2020-07-26,Mysuru,230.0,2867,15,823,1932,5,112,0
2020-07-27,Mysuru,296.0,3163,73,896,2152,3,115,0
2020-07-28,Mysuru,220.0,3383,115,1011,2249,8,123,0
2020-07-29,Mysuru,200.0,3583,134,1145,2310,5,128,0
2020-07-30,Mysuru,430.0,4013,70,1215,2661,9,137,0
2020-07-31,Mysuru,204.0,4217,302,1517,2558,5,142,0
2020-08-01,Mysuru,365.0,4582,74,1591,2840,9,151,0
2020-08-02,Mysuru,238.0,4820,101,1692,2967,10,161,0
2020-08-03,Mysuru,372.0,5192,374,2066,2952,13,174,0
2020-08-04,Mysuru,662.0,5854,164,2230,3441,9,183,0
2020-08-05,Mysuru,261.0,6115,112,2342,3579,11,194,0
2020-08-06,Mysuru,361.0,6476,152,2494,3784,4,198,0
2020-08-07,Mysuru,242.0,6718,168,2662,3843,15,213,0
2020-08-08,Mysuru,138.0,6856,85,2747,3886,10,223,0
2020-08-09,Mysuru,455.0,7311,461,3208,3868,12,235,0
2020-08-10,Mysuru,374.0,7685,258,3466,3979,5,240,0
2020-08-11,Mysuru,238.0,7923,647,4113,3559,11,251,0
2020-08-12,Mysuru,544.0,8467,668,4781,3424,11,262,0
2020-08-13,Mysuru,522.0,8989,637,5418,3297,12,274,0
2020-08-14,Mysuru,291.0,9280,412,5830,3166,10,284,0
2020-08-15,Mysuru,635.0,9915,259,6089,3532,10,294,0
2020-08-16,Mysuru,620.0,10535,386,6475,3756,10,304,0
2020-08-17,Mysuru,597.0,11132,289,6764,4059,5,309,0
2020-08-18,Mysuru,357.0,11489,298,7062,4112,6,315,0
2020-08-19,Mysuru,562.0,12051,240,7302,4429,5,320,0
2020-08-20,Mysuru,253.0,12304,0,7302,4682,0,320,0
2020-08-21,Mysuru,0.0,12304,0,7302,4682,0,320,0
2020-08-22,Mysuru,0.0,12304,0,7302,4682,0,320,0
2020-08-23,Mysuru,92.0,12396,0,7302,4774,0,320,0
2020-08-24,Mysuru,202.0,12598,2240,9542,2711,25,345,0
2020-08-25,Mysuru,1331#,13929,469,10011,3557,16,361,0
2020-08-26,Mysuru,951.0,14880,645,10656,3843,20,381,0
2020-08-27,Mysuru,895.0,15775,449,11105,4271,18,399,0
2020-08-28,Mysuru,726.0,16501,479,11584,4501,17,416,0
2020-08-29,Mysuru,309.0,16810,546,12130,4253,11,427,0
2020-08-30,Mysuru,734.0,17544,255,12385,4721,11,438,0
2020-08-31,Mysuru,405.0,17949,368,12753,4752,6,444,0
2020-09-01,Mysuru,737.0,18686,178,12931,5299,12,456,0
2020-09-02,Mysuru,667.0,19353,161,13092,5794,11,467,0
2020-09-03,Mysuru,475.0,19828,237,13329,6024,8,475,0
2020-09-04,Mysuru,776.0,20604,317,13646,6472,11,486,0
2020-09-06,Mysuru,686.0,22080,435,14499,7078,5,503,0
2020-09-07,Mysuru,221.0,22301,199,14695,7094,9,512,0
2020-09-08,Mysuru,337.0,22638,739,15434,6681,11,523,0
2020-09-09,Mysuru,500,23138,475,15909,6693,13,536,0
2020-09-10,Mysuru,635,23773,499,16408,6816,13,549,0
2020-09-11,Mysuru,676.0,24449,517,16925,6962,13,562,0
2020-09-12,Mysuru,637.0,25086,565,17490,7020,14,576,0
2020-09-13,Mysuru,665.0,25751,668,18158,7002,15,591,0
2020-09-14,Mysuru,677.0,26428,945,19103,6722,12,603,0
2020-09-15,Mysuru,312.0,26740,476,19579,6546,12,615,0
2020-09-16,Mysuru,748.0,27486,1285,20864,5989,17,633,0
2020-09-17,Mysuru,591.0,28077,667,21531,5896,17,650,0
2020-09-18,Mysuru,600.0,28677,883,22414,5596,17,667,0
2020-09-19,Mysuru,626.0,29303,1018,23432,5192,12,679,0
2020-09-20,Mysuru,481.0,29784,1050,24482,4611,12,691,0
2020-09-21,Mysuru,524.0,30308,633,25115,4487,15,706,0
2020-09-22,Mysuru,443.0,30751,936,26051,3985,9,715,0
2020-09-23,Mysuru,341.0,31092,0,26051,4326,0,715,0
2020-09-24,Mysuru,481.0,31573,0,26051,4807,0,715,0
2020-09-25,Mysuru,702.0,32275,10,26061,5499,0,715,0
2020-09-26,Mysuru,73.0,32348,20,26081,5546,6,721,0
2020-09-27,Mysuru,952.0,33300,20,26101,6477,1,722,0
2020-09-28,Mysuru,240.0,33540,20,26121,6695,2,724,0
2020-09-29,Mysuru,414.0,33954,350,26471,6752,7,731,0
2020-09-30,Mysuru,564.0,34518,200,26671,7110,6,737,0
2020-10-01,Mysuru,101,34619,722,27393,6464,25,762,0
2020-10-02,Mysuru,158,34777,213,27606,6391,18,780,0
2020-10-03,Mysuru,1514,36291,859,28465,7028,18,798,0
2020-10-04,Mysuru,1037,37328,316,28781,7737,12,810,0
2020-10-05,Mysuru,910,38238,427,29208,8212,8,818,0
2020-10-06,Mysuru,373,38611,1169,30377,7403,13,831,0
2020-10-07,Mysuru,979,39590,1317,31694,7056,9,840,0
2020-10-08,Mysuru,642,40232,563,32257,7123,12,852,0
2020-10-09,Mysuru,826,41058,472,32729,7467,10,862,0
2020-10-10,Mysuru,465,41523,569,33298,7350,13,875,0
2020-10-11,Mysuru,541,42064,331,33629,7549,11,886,0
2020-10-12,Mysuru,309,42373,728,34357,7123,7,893,0
2020-10-13,Mysuru,416,42789,693,35050,6843,3,896,0
2020-10-14,Mysuru,641,43430,678,35728,6795,11,907,0
2020-10-15,Mysuru,303,43733,116,35844,6980,2,909,0
2020-10-16,Mysuru,404,44137,261,36105,7120,3,912,0
2020-10-17,Mysuru,501,44638,365,36470,7246,10,922,0
2020-10-18,Mysuru,404,45042,353,36823,7296,1,923,0
2020-10-19,Mysuru,151,45193,496,37319,6947,4,927,0
2020-10-20,Mysuru,451,45644,1420,38739,5976,2,929,0
2020-10-21,Mysuru,220,45864,1147,39886,5046,3,932,0
2020-10-22,Mysuru,308,46172,1352,41238,3998,4,936,0
2020-10-24,Mysuru,173,46565,830,42962,2658,6,945,0
2020-10-25,Mysuru,140,46705,366,43328,2430,2,947,0
2020-10-26,Mysuru,139,46844,410,43738,2157,2,949,0
2020-10-27,Mysuru,188,47032,288,44026,2055,2,951,0
2020-10-28,Mysuru,169,47201,149,44175,2073,2,953,0
2020-10-29,Mysuru,204,47405,375,44550,1900,2,955,0
2020-10-30,Mysuru,118,47523,236,44786,1781,1,956,0
2020-10-31,Mysuru,161,47684,307,45093,1633,2,958,0
2020-12-01,Mysuru,51,50731,75,49401,330,1,1000,0
2020-12-02,Mysuru,64,50795,77,49478,317,0,1000,0
2020-12-03,Mysuru,53,50848,89,49567,280,1,1001,0
2020-12-04,Mysuru,74,50922,23,49590,331,0,1001,0
2020-12-05,Mysuru,55,50977,31,49621,355,0,1001,0
2020-12-06,Mysuru,68,51045,82,49703,341,0,1001,0
2020-12-07,Mysuru,34,51079,59,49762,316,0,1001,0
2020-12-08,Mysuru,65,51144,47,49809,333,1,1002,0
2020-12-09,Mysuru,71,51215,73,49882,330,1,1003,0
2020-12-10,Mysuru,53,51268,27,49909,356,0,1003,0
2020-12-11,Mysuru,44,51312,44,49953,356,0,1003,0
2020-12-12,Mysuru,59,51371,39,49992,376,0,1003,0
2020-12-13,Mysuru,42,51413,37,50029,380,1,1004,0
2020-12-14,Mysuru,56,51469,56,50085,378,2,1006,0
2020-12-15,Mysuru,35,51504,64,50149,349,0,1006,0
2020-12-16,Mysuru,47,51551,47,50196,349,0,1006,0
2020-12-17,Mysuru,54,51605,90,50286,313,0,1006,0
2020-12-18,Mysuru,61,51666,39,50325,335,0,1006,0
2020-12-19,Mysuru,66,51732,16,50341,385,0,1006,0
2020-12-20,Mysuru,75,51807,32,50373,428,0,1006,0
2020-12-21,Mysuru,40,51847,53,50426,415,0,1006,0
2020-12-22,Mysuru,67,51914,38,50464,444,0,1006,0
2020-12-23,Mysuru,43,51957,41,50505,444,2,1008,0
2020-12-24,Mysuru,88,52045,40,50545,492,0,1008,0
2020-12-25,Mysuru,79,52124,32,50577,539,0,1008,0
2020-12-26,Mysuru,62,52186,53,50630,548,0,1008,0
2020-12-27,Mysuru,40,52226,54,50684,532,2,1010,0
2020-12-28,Mysuru,63,52289,88,50772,507,0,1010,0
2020-12-29,Mysuru,23,52312,40,50812,488,2,1012,0
2020-12-30,Mysuru,34,52346,75,50887,446,1,1013,0
2020-12-31,Mysuru,48,52394,50,50937,442,2,1015,0
2021-01-01,Mysuru,26,52420,73,51010,395,0,1015,0
2021-01-02,Mysuru,78,52498,84,51094,389,0,1015,0
2021-01-03,Mysuru,43,52541,67,51161,363,2,1017,0
2021-01-04,Mysuru,20,52561,73,51234,310,0,1017,0
2021-01-05,Mysuru,57,52618,34,51268,333,0,1017,0
2021-01-06,Mysuru,22,52640,37,51305,318,0,1017,0
2021-01-07,Mysuru,45,52685,34,51339,329,0,1017,0
2021-01-08,Mysuru,45,52730,61,51400,313,0,1017,0
2021-01-09,Mysuru,42,52772,43,51443,311,1,1018,0
2021-01-10,Mysuru,20,52792,38,51481,292,1,1019,0
2021-01-11,Mysuru,36,52828,38,51519,289,1,1020,0
2021-01-12,Mysuru,35,52863,23,51542,301,0,1020,0
2021-01-13,Mysuru,31,52894,54,51596,278,0,1020,0
2021-01-14,Mysuru,23,52917,23,51619,278,0,1020,0
2021-01-15,Mysuru,37,52954,35,51654,280,0,1020,0
2021-01-16,Mysuru,36,52990,42,51696,274,0,1020,0
2021-01-17,Mysuru,14,53004,44,51740,242,2,1022,0
2021-01-18,Mysuru,35,53039,33,51773,244,0,1022,0
2021-01-19,Mysuru,34,53073,36,51809,242,0,1022,0
2021-01-20,Mysuru,24,53097,43,51852,223,0,1022,0
2021-01-21,Mysuru,35,53132,31,51883,227,0,1022,0
2021-01-22,Mysuru,19,53151,41,51924,205,0,1022,0
2021-01-23,Mysuru,51,53202,18,51942,238,0,1022,0
2021-01-24,Mysuru,27,53229,32,51974,232,1,1023,0
2021-01-25,Mysuru,27,53256,28,52002,230,1,1024,0
2021-01-26,Mysuru,26,53282,25,52027,229,2,1026,0
2021-01-27,Mysuru,17,53299,27,52054,219,0,1026,0
2021-01-28,Mysuru,19,53318,26,52080,212,0,1026,0
2021-01-29,Mysuru,30.0,53348,29,52109,213,0,1026,0
2021-01-30,Mysuru,34,53382,34,52143,213,0,1026,0
2021-01-31,Mysuru,53,53435,37,52180,229,0,1026,0
2021-02-01,Mysuru,13,53448,31,52211,211,0,1026,0
2021-02-02,Mysuru,28,53476,25,52236,214,0,1026,0
2021-02-03,Mysuru,10.0,53486,27,52263,197,0,1026,0
2021-02-04,Mysuru,12.0,53498,16,52279,193,0,1026,0
2021-02-05,Mysuru,15.0,53513,37,52316,171,0,1026,0
2021-02-06,Mysuru,25,53538,21,52337,175,0,1026,0
2021-02-07,Mysuru,38,53576,18,52355,194,1,1027,0
2021-02-08,Mysuru,48,53624,44,52399,198,0,1027,0
2021-02-09,Mysuru,15,53639,17,52416,196,0,1027,0
2021-02-10,Mysuru,45,53684,22,52438,219,0,1027,0
2021-02-11,Mysuru,25.0,53709,31,52469,213,0,1027,0
2021-02-12,Mysuru,31.0,53740,21,52490,223,0,1027,0
2021-02-13,Mysuru,22,53762,14,52504,231,0,1027,0
2021-02-14,Mysuru,21,53783,21,52525,231,0,1027,0
2021-02-15,Mysuru,10,53793,30,52555,211,0,1027,0
2021-02-16,Mysuru,12,53805,43,52598,178,2,1029,0
2021-02-17,Mysuru,17.0,53822,41,52639,154,0,1029,0
2021-02-18,Mysuru,12.0,53834,23,52662,143,0,1029,0
2021-02-19,Mysuru,34,53868,20,52682,157,0,1029,0
2021-02-20,Mysuru,20,53888,27,52709,150,0,1029,0
2021-02-21,Mysuru,24,53912,10,52719,164,0,1029,0
2021-02-22,Mysuru,29,53941,34,52753,159,0,1029,0
2021-02-23,Mysuru,26,53967,11,52764,174,0,1029,0
2021-02-24,Mysuru,25,53992,21,52785,177,1,1030,0
2021-02-25,Mysuru,27,54019,14,52799,190,0,1030,0
2021-02-26,Mysuru,36,54055,17,52816,209,0,1030,0
2021-02-27,Mysuru,31,54086,26,52842,214,0,1030,0
2021-02-28,Mysuru,11,54097,20,52862,205,0,1030,0
2021-03-01,Mysuru,14,54111,25,52887,193,1,1031,0
2021-03-02,Mysuru,15,54126,18,52905,188,2,1033,0
2021-03-03,Mysuru,13,54139,19,52924,182,0,1033,0
2021-03-04,Mysuru,20,54159,13,52937,188,1,1034,0
2021-03-05,Mysuru,23,54182,49,52986,162,0,1034,0
2021-03-06,Mysuru,9,54191,18,53004,153,0,1034,0
2021-03-07,Mysuru,11,54202,24,53028,140,0,1034,0
2021-03-08,Mysuru,7,54209,13,53041,133,1,1035,0
2021-03-09,Mysuru,56,54265,35,53076,154,0,1035,0
2021-03-10,Mysuru,22,54287,22,53098,154,0,1035,0
2021-03-11,Mysuru,50,54337,26,53124,178,0,1035,0
2021-03-12,Mysuru,30,54367,20,53144,188,0,1035,0
2021-03-13,Mysuru,47,54414,23,53167,211,1,1036,0
2021-03-14,Mysuru,31,54445,17,53184,225,0,1036,0
2021-03-15,Mysuru,46,54491,44,53228,226,1,1037,0
2021-03-16,Mysuru,58,54549,21,53249,262,1,1038,0
2021-03-17,Mysuru,35,54584,46,53295,250,1,1039,0
2021-03-18,Mysuru,49,54633,30,53325,269,0,1039,0
2021-03-19,Mysuru,49,54682,42,53367,274,2,1041,0
2021-03-20,Mysuru,59,54741,34,53401,299,0,1041,0
2021-03-21,Mysuru,70,54811,30,53431,339,0,1041,0
2021-03-22,Mysuru,61,54872,59,53490,340,1,1042,0
2021-03-23,Mysuru,100,54972,24,53514,416,0,1042,0
2021-03-24,Mysuru,74,55046,36,53550,452,2,1044,0
2021-03-25,Mysuru,89,55135,64,53614,475,2,1046,0
2021-03-26,Mysuru,67,55202,84,53698,457,1,1047,0
2021-03-27,Mysuru,131,55333,61,53759,527,0,1047,0
2021-03-28,Mysuru,114,55447,56,53815,583,2,1049,0
2021-03-29,Mysuru,110,55557,73,53888,618,2,1051,0
2021-03-30,Mysuru,111,55668,61,53949,665,3,1054,0
2021-03-31,Mysuru,142,55810,48,53997,759,0,1054,0
2021-04-01,Mysuru,109,55919,80,54077,787,1,1055,0
2021-04-02,Mysuru,174,56093,108,54185,853,0,1055,0
2021-04-03,Mysuru,171,56264,146,54331,872,6,1061,0
2021-04-04,Mysuru,260,56524,97,54428,1035,0,1061,0
2021-04-05,Mysuru,165,56689,30,54458,1167,3,1064,0
2021-04-06,Mysuru,237,56926,145,54603,1256,3,1067,0
2021-04-07,Mysuru,243,57169,44,54647,1453,2,1069,0
2021-04-08,Mysuru,216,57385,92,54739,1576,1,1070,0
2021-04-09,Mysuru,283,57668,172,54911,1682,5,1075,0
2021-04-10,Mysuru,266,57934,115,55026,1828,5,1080,0
2021-04-11,Mysuru,277,58211,198,55224,1904,3,1083,0
2021-04-12,Mysuru,362,58573,303,55527,1960,3,1086,0
2021-04-13,Mysuru,492,59065,184,55711,2266,2,1088,0
2021-04-14,Mysuru,356,59421,232,55943,2385,5,1093,0
2021-04-15,Mysuru,327,59748,199,56142,2508,5,1098,0
2021-04-16,Mysuru,415,60163,253,56395,2665,5,1103,0
2021-04-17,Mysuru,811,60974,387,56782,3081,8,1111,0
2021-04-18,Mysuru,777,61751,254,57036,3601,3,1114,0
2021-04-19,Mysuru,568,62319,373,57409,3788,8,1122,0
2021-04-20,Mysuru,699,63018,336,57745,4147,4,1126,0
2021-04-21,Mysuru,975,63993,503,58248,4612,7,1133,0
2021-04-22,Mysuru,818,64811,439,58687,4988,3,1136,0
2021-04-23,Mysuru,645,65456,602,59289,5027,4,1140,0
2021-04-24,Mysuru,536,65992,637,59926,4922,4,1144,0
2021-04-25,Mysuru,700,66692,573,60499,5040,9,1153,0
2021-04-26,Mysuru,1563,68255,702,61201,5894,7,1160,0
2021-04-27,Mysuru,2042,70297,679,61880,7248,9,1169,0
2021-04-28,Mysuru,1759,72056,882,62762,8114,11,1180,0
2021-04-29,Mysuru,1219,73275,955,63717,8366,12,1192,0
2021-04-30,Mysuru,3500,76775,1078,64795,10775,13,1205,0
2021-05-01,Mysuru,2529,79304,1424,66219,11873,7,1212,0
2021-05-02,Mysuru,2750,82054,1126,67345,13489,8,1220,0
2021-05-03,Mysuru,2685,84739,1605,68950,14555,14,1234,0
2021-05-04,Mysuru,2293,87032,952,69902,15886,10,1244,0
2021-05-05,Mysuru,2790,89822,2075,71977,16591,10,1254,0
2021-05-06,Mysuru,2531,92353,2341,74318,16763,18,1272,0
2021-05-07,Mysuru,2246,94599,2350,76668,16637,22,1294,0
2021-05-08,Mysuru,2294,96893,2484,79152,16427,20,1314,0
2021-05-09,Mysuru,1854,98747,2667,81819,15601,13,1327,0
2021-05-10,Mysuru,1537,100284,2706,84525,14425,7,1334,0
2021-05-11,Mysuru,2170,102454,1435,85960,15148,12,1346,0
2021-05-12,Mysuru,1773,104227,882,86842,16030,9,1355,0
2021-05-13,Mysuru,1260,105487,1249,88091,16026,15,1370,0
2021-05-14,Mysuru,2340,107827,3624,91715,14730,12,1382,0
2021-05-15,Mysuru,2489,110316,2338,94053,14866,15,1397,0
2021-05-16,Mysuru,1811,112127,2228,96281,14441,8,1405,0
2021-05-17,Mysuru,1980,114107,2388,98669,14028,5,1410,0
2021-05-18,Mysuru,1916,116023,1976,100645,13955,13,1423,0
2021-05-19,Mysuru,1730,117753,1809,102454,13862,14,1437,0
2021-05-20,Mysuru,1879,119632,2489,104943,13236,16,1453,0
2021-05-21,Mysuru,2355,121987,2991,107934,12588,12,1465,0
2021-05-22,Mysuru,2526,124513,2094,110028,13011,9,1474,0
2021-05-23,Mysuru,2222,126735,1270,111298,13941,22,1496,0
2021-05-24,Mysuru,2680,129415,1155,112453,15455,11,1507,0
2021-05-25,Mysuru,2241,131656,2545,114998,15134,17,1524,0
2021-05-26,Mysuru,2792,134448,1301,116299,16611,14,1538,0
2021-05-27,Mysuru,2240,136688,2088,118387,16745,18,1556,0
2021-05-28,Mysuru,1677,138365,1804,120191,16598,20,1576,0
2021-05-29,Mysuru,1720,140085,2176,122367,16114,28,1604,0
2021-05-31,Mysuru,1171,142815,1893,126106,15085,13,1624,0
2021-06-01,Mysuru,1153,143968,1617,127723,14606,15,1639,0
2021-06-02,Mysuru,1687,145655,1034,128757,15247,12,1651,0
2021-06-03,Mysuru,1573,147228,1322,130079,15486,12,1663,0
