Date,District Name,Today’s Positives,Total Positives,Today’s Discharges,Total Discharges,Total Active Cases,Today’s Reported Covid Deaths,Total Covid Deaths,Death due to Non- Covid reasons
2020-07-01,Tumakuru,19,113,10,49,59,0,5,0
2020-07-02,Tumakuru,26,139,0,49,84,1,6,0
2020-07-03,Tumakuru,57,196,0,49,141,0,6,0
2020-07-04,Tumakuru,12,208,11,60,142,0,6,0
2020-07-05,Tumakuru,13,221,1,61,153,1,7,0
2020-07-06,Tumakuru,31,252,0,61,183,1,8,0
2020-07-07,Tumakuru,16,268,6,67,193,0,8,0
2020-07-08,Tumakuru,24,292,1,68,214,2,10,0
2020-07-10,Tumakuru,10,329,0,85,233,1,11,0
2020-07-11,Tumakuru,78,407,0,85,309,2,13,0
2020-07-12,Tumakuru,26,433,0,85,334,1,14,0
2020-07-13,Tumakuru,48,481,40,125,341,1,15,0
2020-07-14,Tumakuru,47,528,22,147,366,0,15,0
2020-07-15,Tumakuru,24,552,25,172,364,1,16,0
2020-07-16,Tumakuru,12,564,23,195,353,0,16,0
2020-07-17,Tumakuru,36,600,0,195,388,1,17,0
2020-07-19,Tumakuru,19,643,0,230,391,2,22,0
2020-07-20,Tumakuru,55,698,18,248,427,1,23,0
2020-07-21,Tumakuru,47,745,32,280,439,3,26,0
2020-07-22,Tumakuru,52,797,0,280,489,2,28,0
2020-07-23,Tumakuru,56,853,17,297,526,2,30,0
2020-07-24,Tumakuru,59,912,9,306,571,5,35,0
2020-07-25,Tumakuru,27,939,6,312,591,1,36,0
2020-07-26,Tumakuru,46,985,0,312,632,5,41,0
2020-07-27,Tumakuru,89,1074,15,327,706,0,41,0
2020-07-28,Tumakuru,207,1281,57,384,855,1,42,0
2020-07-29,Tumakuru,128,1409,11,395,969,3,45,0
2020-07-30,Tumakuru,104,1513,60,455,1012,1,46,0
2020-07-31,Tumakuru,95,1608,9,464,1094,4,50,0
2020-08-01,Tumakuru,99,1707,225,689,966,2,52,0
2020-08-02,Tumakuru,35,1742,150,839,851,0,52,0
2020-08-03,Tumakuru,122,1864,20,859,950,3,55,0
2020-08-04,Tumakuru,78,1942,59,918,968,1,56,0
2020-08-05,Tumukuru,31,1973,9,927,986,4,60,0
2020-08-06,Tumakuru,160,2133,13,940,1128,5,65,0
2020-08-07,Tumakuru,76,2209,31,971,1173,0,65,0
2020-08-08,Tumakuru,177,2386,57,1028,1291,2,67,0
2020-08-09,Tumakuru,78,2464,23,1051,1342,4,71,0
2020-08-10,Tumakuru,98,2562,148,1199,1287,5,76,0
2020-08-11,Tumakuru,89,2651,56,1255,1319,1,77,0
2020-08-12,Tumakuru,121,2772,23,1278,1411,6,83,0
2020-08-13,Tumakuru,85,2857,29,1307,1464,3,86,0
2020-08-14,Tumakuru,185,3042,273,1580,1374,2,88,0
2020-08-15,Tumakuru,161,3203,208,1788,1325,2,90,0
2020-08-16,Tumakuru,169,3372,91,1879,1398,5,95,0
2020-08-17,Tumakuru,130,3502,212,2091,1314,2,97,0
2020-08-18,Tumakuru,46,3548,159,2250,1197,4,101,0
2020-08-19,Tumakuru,94,3642,42,2292,1244,5,106,0
2020-08-20,Tumakuru,138,3780,77,2369,1304,1,107,0
2020-08-21,Tumakuru,136,3916,264,2633,1173,3,110,0
2020-08-22,Tumakuru,103,4019,79,2712,1191,6,116,0
2020-08-23,Tumakuru,112,4131,55,2767,1243,5,121,0
2020-08-24,Tumakuru,85,4216,57,2824,1267,4,125,0
2020-08-25,Tumakuru,223,4439,167,2991,1319,4,129,0
2020-08-26,Tumakuru,88,4527,70,3061,1334,3,132,0
2020-08-27,Tumakuru,127,4654,126,3187,1332,3,135,0
2020-08-28,Tumakuru,250,4904,36,3223,1542,4,139,0
2020-08-29,Tumakuru,138,5042,143,3366,1532,5,144,0
2020-08-30,Tumakuru,314,5356,193,3559,1651,2,146,0
2020-08-31,Tumakuru,316,5672,156,3715,1808,3,149,0
2020-09-01,Tumakuru,327,5999,233,3948,1899,3,152,0
2020-09-02,Tumakuru,357,6356,168,4116,2085,3,155,0
2020-09-03,Tumakuru,132,6488,530,4646,1684,3,158,0
2020-09-04,Tumakuru,424,6912,142,4788,1962,4,162,0
2020-09-06,Tumakuru,304,7408,117,5018,2223,3,167,0
2020-09-07,Tumakuru,25,7433,74,5093,2171,2,169,0
2020-09-08,Tumakuru,153,7586,207,5300,2111,6,175,0
2020-09-09,Tumakuru,242,7828,85,5385,2263,5,180,0
2020-09-10,Tumakuru,365,8193,279,5664,2347,2,182,0
2020-09-11,Tumakuru,395,8588,136,5800,2604,2,184,0
2020-09-12,Tumakuru,304,8892,479,6279,2428,1,185,0
2020-09-13,Tumakuru,294,9186,191,6470,2528,3,188,0
2020-09-14,Tumakuru,192,9378,248,6718,2466,6,194,0
2020-09-15,Tumakuru,223,9601,0,6718,2684,5,199,0
2020-09-16,Tumakuru,401,10002,380,7098,2703,5,201,0
2020-09-17,Tumakuru,381,10383,0,7098,3084,0,201,0
2020-09-18,Tumakuru,208,10591,376,7474,2913,3,204,0
2020-09-19,Tumakuru,159,10750,113,7587,2955,4,208,0
2020-09-20,Tumakuru,244,10994,201,7788,2997,1,209,0
2020-09-21,Tumakuru,300,11294,269,8057,3025,3,212,0
2020-09-22,Tumakuru,240,11534,312,8369,2949,4,216,0
2020-09-23,Tumakuru,90,11624,0,8369,3039,0,216,0
2020-09-24,Tumakuru,99,11723,130,8499,3008,0,216,0
2020-09-25,Tumakuru,176,11899,63,8562,3119,2,218,0
2020-09-26,Tumakuru,141,12040,33,8595,3225,2,220,0
2020-09-27,Tumakuru,282,12322,82,8677,3420,5,225,0
2020-09-28,Tumakuru,187,12509,100,8777,3503,4,229,0
2020-09-29,Tumakuru,297,12806,519,9296,3278,3,232,0
2020-09-30,Tumakuru,362,13168,142,9438,3495,3,235,0
2020-10-01,Tumakuru,274,13442,267,9705,3494,8,243,0
2020-10-02,Tumakuru,405,13847,383,10088,3508,8,251,0
2020-10-03,Tumakuru,302,14149,963,11051,2841,6,257,0
2020-10-04,Tumakuru,245,14394,347,11398,2736,3,260,0
2020-10-05,Tumakuru,294,14688,209,11607,2817,4,264,0
2020-10-06,Tumakuru,475,15163,306,11913,2983,3,267,0
2020-10-07,Tumakuru,250,15413,215,12128,3013,5,272,0
2020-10-08,Tumakuru,509,15922,292,12420,3225,5,277,0
2020-10-09,Tumakuru,366,16288,231,12651,3354,6,283,0
2020-10-10,Tumakuru,374,16662,405,13056,3319,4,287,0
2020-10-11,Tumakuru,285,16947,1072,14128,2529,3,290,0
2020-10-12,Tumakuru,264,17211,165,14293,2627,1,291,0
2020-10-13,Tumakuru,391,17602,106,14399,2905,7,298,0
2020-10-14,Tumakuru,341,17943,168,14567,3074,4,302,0
2020-10-15,Tumakuru,252,18195,182,14749,3141,3,305,0
2020-10-16,Tumakuru,173,18368,143,14892,3167,4,309,0
2020-10-17,Tumakuru,281,18649,117,15009,3327,4,313,0
2020-10-18,Tumakuru,99,18748,125,15134,3300,1,314,0
2020-10-19,Tumakuru,253,19001,658,15792,2892,3,317,0
2020-10-20,Tumakuru,327,19328,209,16001,3009,1,318,0
2020-10-21,Tumakuru,143,19471,479,16480,2669,4,322,0
2020-10-22,Tumakuru,184,19655,282,16762,2569,2,324,0
2020-10-24,Tumakuru,232,19987,207,17223,2435,1,329,0
2020-10-25,Tumakuru,141,20128,155,17378,2420,1,330,0
2020-10-26,Tumakuru,57,20185,283,17661,2193,1,331,0
2020-10-27,Tumakuru,92,20277,219,17880,2065,1,332,0
2020-10-28,Tumakuru,129,20406,265,18145,1928,1,333,0
2020-10-29,Tumakuru,136,20542,223,18368,1839,2,335,0
2020-10-30,Tumakuru,132,20674,203,18571,1765,3,338,0
2020-10-31,Tumakuru,53,20727,209,18780,1608,1,339,0
2020-12-01,Tumakuru,49,23353,110,22599,386,0,368,0
2020-12-02,Tumakuru,80,23433,34,22633,432,0,368,0
2020-12-03,Tumakuru,68,23501,41,22674,459,0,368,0
2020-12-04,Tumakuru,73,23574,50,22724,480,2,370,0
2020-12-05,Tumakuru,44,23618,32,22756,492,0,370,0
2020-12-06,Tumakuru,52,23670,32,22788,512,0,370,0
2020-12-07,Tumakuru,32,23702,78,22866,466,0,370,0
2020-12-08,Tumakuru,46,23748,47,22913,465,0,370,0
2020-12-09,Tumakuru,33,23781,27,22940,470,1,371,0
2020-12-10,Tumakuru,36,23817,44,22984,462,0,371,0
2020-12-11,Tumakuru,27,23844,29,23013,458,2,373,0
2020-12-12,Tumakuru,30,23874,39,23052,448,1,374,0
2020-12-13,Tumakuru,28,23902,30,23082,446,0,374,0
2020-12-14,Tumakuru,36,23938,35,23117,447,0,374,0
2020-12-15,Tumakuru,44,23982,35,23152,455,1,375,0
2020-12-16,Tumakuru,57,24039,52,23204,460,0,375,0
2020-12-17,Tumakuru,57,24096,71,23275,446,0,375,0
2020-12-18,Tumakuru,43,24139,82,23357,406,1,376,0
2020-12-19,Tumakuru,25,24164,23,23380,408,0,376,0
2020-12-20,Tumakuru,39,24203,38,23418,409,0,376,0
2020-12-21,Tumakuru,10,24213,42,23460,377,0,376,0
2020-12-22,Tumakuru,47,24260,35,23495,389,0,376,0
2020-12-23,Tumakuru,50,24310,40,23535,398,1,377,0
2020-12-24,Tumakuru,40,24350,34,23569,404,0,377,0
2020-12-25,Tumakuru,19,24369,50,23619,373,0,377,0
2020-12-26,Tumakuru,32,24401,31,23650,374,0,377,0
2020-12-27,Tumakuru,20,24421,30,23680,364,0,377,0
2020-12-28,Tumakuru,20,24441,51,23731,333,0,377,0
2020-12-29,Tumakuru,38,24479,35,23766,336,0,377,0
2020-12-30,Tumakuru,28,24507,23,23789,341,0,377,0
2020-12-31,Tumakuru,28,24535,26,23815,343,0,377,0
2021-01-01,Tumakuru,32,24567,24,23839,351,0,377,0
2021-01-02,Tumakuru,20,24587,48,23887,322,1,378,0
2021-01-03,Tumakuru,20,24607,54,23941,287,1,379,0
2021-01-04,Tumakuru,8,24615,46,23987,249,0,379,0
2021-01-05,Tumakuru,27,24642,48,24035,228,0,379,0
2021-01-06,Tumakuru,11,24653,15,24050,223,1,380,0
2021-01-07,Tumakuru,25,24678,17,24067,230,1,381,0
2021-01-08,Tumakuru,39,24717,43,24110,226,0,381,0
2021-01-09,Tumakuru,15,24732,22,24132,219,0,381,0
2021-01-10,Tumakuru,16,24748,29,24161,205,1,382,0
2021-01-11,Tumakuru,12,24760,37,24198,180,0,382,0
2021-01-12,Tumakuru,20,24780,20,24218,179,1,383,0
2021-01-13,Tumakuru,12,24792,22,24240,169,0,383,0
2021-01-14,Tumakuru,8,24800,24,24264,153,0,383,0
2021-01-15,Tumakuru,29,24829,10,24274,172,0,383,0
2021-01-16,Tumakuru,35,24864,33,24307,174,0,383,0
2021-01-17,Tumakuru,26,24890,27,24334,173,0,383,0
2021-01-18,Tumakuru,26,24916,15,24349,183,1,384,0
2021-01-19,Tumakuru,11,24927,20,24369,174,0,384,0
2021-01-20,Tumakuru,33,24960,9,24378,198,0,384,0
2021-01-21,Tumakuru,26,24986,19,24397,205,0,384,0
2021-01-22,Tumakuru,18,25004,9,24406,214,0,384,0
2021-01-23,Tumakuru,24,25028,11,24417,226,1,385,0
2021-01-24,Tumakuru,31,25059,13,24430,244,0,385,0
2021-01-25,Tumakuru,3,25062,12,24442,235,0,385,0
2021-01-26,Tumakuru,36,25098,12,24454,259,0,385,0
2021-01-27,Tumakuru,10,25108,14,24468,255,0,385,0
2021-01-28,Tumakuru,18,25126,17,24485,256,0,385,0
2021-01-29,Tumakuru,30,25156,20,24505,266,0,385,0
2021-01-30,Tumakuru,24,25180,10,24515,280,0,385,0
2021-01-31,Tumakuru,23,25203,17,24532,286,0,385,0
2021-02-01,Tumakuru,27,25230,26,24558,287,0,385,0
2021-02-02,Tumakuru,18,25248,16,24574,289,0,385,0
2021-02-03,Tumakuru,25,25273,13,24587,301,0,385,0
2021-02-04,Tumakuru,9,25282,15,24602,295,0,385,0
2021-02-05,Tumakuru,35,25317,26,24628,304,0,385,0
2021-02-06,Tumakuru,22,25339,18,24646,308,0,385,0
2021-02-07,Tumakuru,23,25362,15,24661,316,0,385,0
2021-02-08,Tumakuru,8,25370,15,24676,309,0,385,0
2021-02-09,Tumakuru,17,25387,12,24688,314,0,385,0
2021-02-10,Tumakuru,17,25404,15,24703,316,0,385,0
2021-02-11,Tumakuru,18,25422,14,24717,320,0,385,0
2021-02-12,Tumakuru,11,25433,17,24734,314,0,385,0
2021-02-13,Tumakuru,20,25453,6,24740,327,1,386,0
2021-02-14,Tumakuru,15,25468,24,24764,318,0,386,0
2021-02-15,Tumakuru,25,25493,17,24781,326,0,386,0
2021-02-16,Tumakuru,8,25501,15,24796,319,0,386,0
2021-02-17,Tumakuru,6,25507,11,24807,314,0,386,0
2021-02-18,Tumakuru,24,25531,14,24821,323,1,387,0
2021-02-19,Tumakuru,11,25542,23,24844,311,0,387,0
2021-02-20,Tumakuru,25,25567,13,24857,322,1,388,0
2021-02-21,Tumakuru,6,25573,26,24883,302,0,388,0
2021-02-22,Tumakuru,17,25590,15,24898,303,1,389,0
2021-02-23,Tumakuru,12,25602,18,24916,297,0,389,0
2021-02-24,Tumakuru,16,25618,22,24938,290,1,390,0
2021-02-25,Tumakuru,24,25642,23,24961,291,0,390,0
2021-02-26,Tumakuru,18,25660,16,24977,293,0,390,0
2021-02-27,Tumakuru,9,25669,0,24977,302,0,390,0
2021-02-28,Tumakuru,15,25684,68,25045,249,0,390,0
2021-03-01,Tumakuru,28,25712,37,25082,240,0,390,0
2021-03-02,Tumakuru,15,25727,15,25097,239,1,391,0
2021-03-03,Tumakuru,7,25734,31,25128,215,0,391,0
2021-03-04,Tumakuru,11,25745,41,25169,185,0,391,0
2021-03-05,Tumakuru,28,25773,21,25190,192,0,391,0
2021-03-06,Tumakuru,13,25786,19,25209,185,1,392,0
2021-03-07,Tumakuru,25,25811,24,25233,186,0,392,0
2021-03-08,Tumakuru,12,25823,27,25260,171,0,392,0
2021-03-09,Tumakuru,14,25837,17,25277,167,1,393,0
2021-03-10,Tumakuru,36,25873,15,25292,188,0,393,0
2021-03-11,Tumakuru,36,25909,26,25318,198,0,393,0
2021-03-12,Tumakuru,36,25945,24,25342,210,0,393,0
2021-03-13,Tumakuru,38,25983,10,25352,238,0,393,0
2021-03-14,Tumakuru,17,26000,29,25381,226,0,393,0
2021-03-15,Tumakuru,40,26040,11,25392,255,0,393,0
2021-03-16,Tumakuru,32,26072,29,25421,258,0,393,0
2021-03-17,Tumakuru,16,26088,9,25430,265,0,393,0
2021-03-18,Tumakuru,41,26129,13,25443,293,0,393,0
2021-03-19,Tumakuru,50,26179,36,25479,307,0,393,0
2021-03-20,Tumakuru,43,26222,37,25516,313,0,393,0
2021-03-21,Tumakuru,38,26260,36,25552,315,0,393,0
2021-03-22,Tumakuru,51,26311,41,25593,324,1,394,0
2021-03-23,Tumakuru,40,26351,20,25613,344,0,394,0
2021-03-24,Tumakuru,94,26445,37,25650,401,0,394,0
2021-03-25,Tumakuru,29,26474,47,25697,383,0,394,0
2021-03-26,Tumakuru,126,26600,43,25740,465,1,395,0
2021-03-27,Tumakuru,80,26680,35,25775,509,1,396,0
2021-03-28,Tumakuru,59,26739,44,25819,523,1,397,0
2021-03-29,Tumakuru,60,26799,40,25859,543,0,397,0
2021-03-30,Tumakuru,43,26842,38,25897,548,0,397,0
2021-03-31,Tumakuru,138,26980,18,25915,666,2,399,0
2021-04-01,Tumakuru,102,27082,40,25955,727,1,400,0
2021-04-02,Tumakuru,142,27224,42,25997,827,0,400,0
2021-04-03,Tumakuru,167,27391,45,26042,948,1,401,0
2021-04-04,Tumakuru,107,27498,32,26074,1022,1,402,0
2021-04-05,Tumakuru,139,27637,55,26129,1105,1,403,0
2021-04-06,Tumakuru,157,27794,77,26206,1185,0,403,0
2021-04-07,Tumakuru,204,27998,75,26281,1313,1,404,0
2021-04-08,Tumakuru,183,28181,66,26347,1429,1,405,0
2021-04-09,Tumakuru,145,28326,60,26407,1514,0,405,0
2021-04-10,Tumakuru,206,28532,39,26446,1679,2,407,0
2021-04-11,Tumakuru,150,28682,42,26488,1787,0,407,0
2021-04-12,Tumakuru,239,28921,42,26530,1984,0,407,0
2021-04-13,Tumakuru,350,29271,47,26577,2287,0,407,0
2021-04-14,Tumakuru,245,29516,123,26700,2408,1,408,0
2021-04-15,Tumakuru,387,29903,159,26859,2634,2,410,0
2021-04-16,Tumakuru,432,30335,145,27004,2919,2,412,0
2021-04-17,Tumakuru,507,30842,159,27163,3264,3,415,0
2021-04-18,Tumakuru,494,31336,169,27332,3588,1,416,0
2021-04-19,Tumakuru,652,31988,174,27506,4065,1,417,0
2021-04-20,Tumakuru,1055,33043,231,27737,4885,4,421,0
2021-04-21,Tumakuru,1176,34219,272,28009,5788,1,422,0
2021-04-22,Tumakuru,1231,35450,325,28334,6689,5,427,0
2021-04-23,Tumakuru,1004,36454,742,29076,6946,5,432,0
2021-04-24,Tumakuru,1559,38013,314,29390,8188,3,435,0
2021-04-25,Tumakuru,1153,39166,347,29737,8988,6,441,0
2021-04-26,Tumakuru,1197,40363,191,29928,9990,4,445,0
2021-04-27,Tumakuru,1196,41559,473,30401,10710,3,448,0
2021-04-28,Tumakuru,1174,42733,797,31198,11082,5,453,0
2021-04-29,Tumakuru,1195,43928,725,31923,11543,9,462,0
2021-04-30,Tumakuru,1801,45729,804,32727,12534,6,468,0
2021-05-01,Tumakuru,2308,48037,1081,33808,13749,12,480,0
2021-05-02,Tumakuru,1302,49339,698,34506,14340,13,493,0
2021-05-03,Tumakuru,2361,51700,608,35114,16085,8,501,0
2021-05-04,Tumakuru,1636,53336,1098,36212,16609,14,515,0
2021-05-05,Tumakuru,2335,55671,3514,39726,15418,12,527,0
2021-05-06,Tumakuru,2418,58089,1563,41289,16259,14,541,0
2021-05-07,Tumakuru,3040,61129,1471,42760,17813,15,556,0
2021-05-08,Tumakuru,2419,63548,1167,43927,19053,12,568,0
2021-05-09,Tumakuru,2001,65549,1085,45012,19952,17,585,0
2021-05-10,Tumakuru,2168,67717,1145,46157,20960,15,600,0
2021-05-11,Tumakuru,2496,70213,1206,47363,22234,16,616,0
2021-05-12,Tumakuru,2360,72573,1261,48624,23319,14,630,0
2021-05-13,Tumakuru,1798,74371,1068,49692,24038,11,641,0
2021-05-14,Tumakuru,2668,77039,860,50552,25827,19,660,0
2021-05-15,Tumakuru,2302,79341,1234,51786,26877,18,678,0
2021-05-16,Tumakuru,2138,81479,810,52596,28194,11,689,0
2021-05-17,Tumakuru,1915,83394,892,53488,29203,14,703,0
2021-05-18,Tumakuru,1562,84956,4196,57684,26554,15,718,0
2021-05-19,Tumakuru,2427,87383,1768,59452,27194,19,737,0
2021-05-20,Tumakuru,1796,89179,3228,62680,25741,21,758,0
2021-05-21,Tumakuru,1773,90952,2039,64719,25459,16,774,0
2021-05-22,Tumakuru,1545,92497,1847,66566,25139,18,792,0
2021-05-23,Tumakuru,1269,93766,2197,68763,24198,13,805,0
2021-05-24,Tumakuru,1662,95428,1929,70692,23920,11,816,0
2021-05-25,Tumakuru,1312,96740,2486,73178,22732,14,830,0
2021-05-26,Tumakuru,1399,98139,4347,77525,19770,14,844,0
2021-05-27,Tumakuru,1219,99358,5851,83376,15124,14,858,0
2021-05-28,Tumakuru,1326,100684,1751,85127,14684,15,873,0
2021-05-29,Tumakuru,1102,101786,1984,87111,13789,13,886,0
2021-05-30,Tumakuru,773,102559,1516,88627,13038,8,894,0
2021-05-31,Tumakuru,806,103365,1878,90505,11958,8,902,0
2021-06-01,Tumakuru,769,104134,887,91392,11831,9,911,0
2021-06-02,Tumakuru,882,105016,1036,92428,11670,7,918,0
2021-06-03,Tumakuru,979,105995,1123,93551,11519,7,925,0
