Date,District Name,Today’s Positives,Total Positives,Today’s Discharges,Total Discharges,Total Active Cases,Today’s Reported Covid Deaths,Total Covid Deaths,Death due to Non- Covid reasons
2020-07-01,Udupi,22,1228,2,1058,168,0,2,0
2020-07-02,Udupi,14,1242,21,1079,160,1,3,0
2020-07-03,Udupi,16,1258,14,1093,162,0,3,0
2020-07-04,Udupi,18,1276,10,1103,170,0,3,0
2020-07-05,Udupi,45,1321,22,1125,193,0,3,0
2020-07-06,Udupi,40,1361,18,1143,215,0,3,0
2020-07-07,Udupi,28,1389,28,1171,215,0,3,0
2020-07-08,Udupi,31,1420,7,1178,239,0,3,0
2020-07-10,Udupi,34,1476,7,1213,260,0,3,0
2020-07-11,Udupi,90,1566,21,1234,329,0,3,0
2020-07-12,Udupi,43,1609,28,1262,344,0,3,0
2020-07-13,Udupi,53,1662,7,1269,390,0,3,0
2020-07-14,Udupi,73,1735,80,1349,383,0,3,0
2020-07-15,Udupi,52,1787,22,1371,413,0,3,0
2020-07-16,Udupi,113,1900,80,1451,446,0,3,0
2020-07-17,Udupi,80,1980,81,1532,442,3,6,0
2020-07-19,Udupi,134,2223,42,1617,597,1,9,0
2020-07-20,Udupi,98,2321,0,1617,694,1,10,0
2020-07-21,Udupi,84,2405,114,1731,664,0,10,0
2020-07-22,Udupi,281,2686,34,1765,910,1,11,0
2020-07-23,Udupi,160,2846,65,1830,1005,0,11,0
2020-07-24,Udupi,190,3036,88,1918,1104,3,14,0
2020-07-25,Udupi,182,3218,79,1997,1207,0,14,0
2020-07-26,Udupi,169,3387,125,2122,1251,0,14,0
2020-07-27,Udupi,225,3612,51,2173,1425,0,14,0
2020-07-28,Udupi,109,3721,55,2228,1472,7,21,0
2020-07-29,Udupi,173,3894,83,2311,1558,4,25,0
2020-07-30,Udupi,248,4142,61,2372,1741,4,29,0
2020-07-31,Udupi,213,4355,54,2428,1898,0,29,0
2020-08-01,Udupi,136,4491,100,2528,1928,6,35,0
2020-08-02,Udupi,182,4673,78,2606,2032,0,35,0
2020-08-03,Udupi,126,4799,122,2728,2035,1,36,0
2020-08-04,Udupi,170,4969,161,2889,2038,6,42,0
2020-08-05,Udupi,173,5142,89,2978,2120,2,44,0
2020-08-06,Udupi,217,5359,80,3058,2251,6,50,0
2020-08-07,Udupi,246,5605,103,3161,2389,5,55,0
2020-08-08,Udupi,313,5918,99,3260,2598,5,60,0
2020-08-09,Udupi,282,6200,85,3345,2795,0,60,0
2020-08-10,Udupi,90,6290,117,3462,2762,6,66,0
2020-08-11,Udupi,219,6509,161,3623,2820,0,66,0
2020-08-12,Udupi,263,6772,225,3848,2855,3,69,0
2020-08-13,Udupi,402,7174,290,4138,2966,1,70,0
2020-08-14,Udupi,322,7496,614,4752,2667,7,77,0
2020-08-15,Udupi,241,7737,229,4981,2677,2,79,0
2020-08-16,Udupi,237,7974,259,5240,2655,0,79,0
2020-08-17,Udupi,268,8242,269,5509,2653,1,80,0
2020-08-18,Udupi,421,8663,321,5830,2753,0,80,0
2020-08-19,Udupi,375,9038,181,6011,2947,0,80,0
2020-08-20,Udupi,351,9389,359,6370,2937,2,82,0
2020-08-21,Udupi,278,9667,365,6735,2850,0,82,0
2020-08-22,Udupi,348,10015,235,6970,2963,0,82,0
2020-08-23,Udupi,117,10132,309,7279,2769,2,84,0
2020-08-24,Udupi,104,10236,156,7435,2713,4,88,0
2020-08-25,Udupi,217,10453,180,7615,2748,2,90,0
2020-08-26,Udupi,251,10704,246,7861,2752,1,91,0
2020-08-27,Udupi,209,10913,214,8075,2746,1,92,0
2020-08-28,Udupi,176,11089,187,8262,2733,2,94,0
2020-08-29,Udupi,172,11261,219,8481,2686,0,94,0
2020-08-30,Udupi,254,11515,195,8676,2745,0,94,0
2020-08-31,Udupi,83,11598,303,8979,2523,2,96,0
2020-09-01,Udupi,161,11759,250,9229,2432,2,98,0
2020-09-02,Udupi,169,11928,240,9469,2358,3,101,0
2020-09-03,Udupi,228,12156,328,9797,2254,4,105,0
2020-09-04,Udupi,187,12343,332,10129,2107,2,107,0
2020-09-06,Udupi,217,12735,270,10631,1993,0,111,0
2020-09-07,Udupi,113,12848,183,10813,1922,2,113,0
2020-09-08,Udupi,250,13098,178,10991,1987,7,120,0
2020-09-09,Udupi,258,13356,218,11209,2026,1,121,0
2020-09-10,Udupi,227,13583,210,11419,2039,4,125,0
2020-09-11,Udupi,168,13751,116,11535,2089,2,127,0
2020-09-12,Udupi,169,13920,354,11889,1902,2,129,0
2020-09-13,Udupi,126,14046,154,12043,1874,0,129,0
2020-09-14,Udupi,40,14086,0,12043,1914,0,129,0
2020-09-15,Udupi,1,14087,0,12043,1915,0,129,0
2020-09-16,Udupi,191,14278,0,12043,2106,0,129,0
2020-09-17,Udupi,120,14398,864,12907,1358,4,133,0
2020-09-18,Udupi,493,14891,268,13175,1578,5,138,0
2020-09-19,Udupi,215,15106,310,13485,1482,1,139,0
2020-09-20,Udupi,295,15401,215,13700,1562,0,139,0
2020-09-21,Udupi,231,15632,278,13978,1511,4,143,0
2020-09-22,Udupi,106,15738,0,13978,1617,0,143,0
2020-09-23,Udupi,102,15840,0,13978,1719,0,143,0
2020-09-24,Udupi,74,15914,198,14176,1595,0,143,0
2020-09-25,Udupi,63,15977,103,14279,1555,0,143,0
2020-09-26,Udupi,57,16034,116,14395,1496,0,143,0
2020-09-27,Udupi,320,16354,122,14517,1693,1,144,0
2020-09-28,Udupi,332,16686,195,14712,1830,0,144,0
2020-09-29,Udupi,319,17005,69,14781,2078,2,146,0
2020-09-30,Udupi,139,17144,187,14968,2029,1,147,0
2020-10-01,Udupi,275,17419,329,15297,1972,3,150,0
2020-10-02,Udupi,212,17631,68,15365,2115,1,151,0
2020-10-03,Udupi,158,17789,297,15662,1973,3,154,0
2020-10-04,Udupi,231,18020,59,15721,2145,0,154,0
2020-10-05,Udupi,118,18138,23,15744,2237,3,157,0
2020-10-06,Udupi,224,18362,384,16128,2074,3,160,0
2020-10-07,Udupi,209,18571,185,16313,2096,2,162,0
2020-10-08,Udupi,239,18810,379,16692,1955,1,163,0
2020-10-09,Udupi,177,18987,225,16917,1906,1,164,0
2020-10-10,Udupi,237,19224,224,17141,1918,1,165,0
2020-10-11,Udupi,171,19395,135,17276,1953,1,166,0
2020-10-12,Udupi,317,19712,276,17552,1993,1,167,0
2020-10-13,Udupi,168,19880,186,17738,1974,1,168,0
2020-10-14,Udupi,199,20079,163,17901,2010,0,168,0
2020-10-15,Udupi,179,20258,253,18154,1934,2,170,0
2020-10-16,Udupi,211,20469,255,18409,1888,2,172,0
2020-10-17,Udupi,210,20679,169,18578,1928,1,173,0
2020-10-18,Udupi,129,20808,154,18732,1903,0,173,0
2020-10-19,Udupi,101,20909,163,18895,1839,2,175,0
2020-10-20,Udupi,103,21012,219,19114,1722,1,176,0
2020-10-21,Udupi,117,21129,191,19305,1648,0,176,0
2020-10-22,Udupi,141,21270,267,19572,1521,1,177,0
2020-10-24,Udupi,81,21401,173,19927,1296,0,178,0
2020-10-25,Udupi,117,21518,175,20102,1238,0,178,0
2020-10-26,Udupi,44,21562,199,20301,1082,1,179,0
2020-10-27,Udupi,86,21648,204,20505,963,1,180,0
2020-10-28,Udupi,65,21713,125,20630,902,1,181,0
2020-10-29,Udupi,66,21779,111,20741,856,1,182,0
2020-10-30,Udupi,44,21823,97,20838,803,0,182,0
2020-10-31,Udupi,49,21872,114,20952,738,0,182,0
2020-12-01,Udupi,14,22703,22,22312,204,0,187,0
2020-12-02,Udupi,15,22718,21,22333,198,0,187,0
2020-12-03,Udupi,26,22744,18,22351,206,0,187,0
2020-12-04,Udupi,14,22758,17,22368,203,0,187,0
2020-12-05,Udupi,14,22772,27,22395,190,0,187,0
2020-12-06,Udupi,15,22787,28,22423,177,0,187,0
2020-12-07,Udupi,15,22802,31,22454,161,0,187,0
2020-12-08,Udupi,11,22813,38,22492,134,0,187,0
2020-12-09,Udupi,15,22828,13,22505,136,0,187,0
2020-12-10,Udupi,15,22843,12,22517,139,0,187,0
2020-12-11,Udupi,20,22863,15,22532,144,0,187,0
2020-12-12,Udupi,21,22884,27,22559,138,0,187,0
2020-12-13,Udupi,11,22895,14,22573,135,0,187,0
2020-12-14,Udupi,12,22907,13,22586,134,0,187,0
2020-12-15,Udupi,6,22913,16,22602,124,0,187,0
2020-12-16,Udupi,16,22929,15,22617,125,0,187,0
2020-12-17,Udupi,12,22941,11,22628,126,0,187,0
2020-12-18,Udupi,5,22946,14,22642,117,0,187,0
2020-12-19,Udupi,8,22954,14,22656,110,1,188,0
2020-12-20,Udupi,4,22958,22,22678,92,0,188,0
2020-12-21,Udupi,3,22961,25,22703,70,0,188,0
2020-12-22,Udupi,15,22976,7,22710,78,0,188,0
2020-12-23,Udupi,8,22984,11,22721,75,0,188,0
2020-12-24,Udupi,6,22990,7,22728,74,0,188,0
2020-12-25,Udupi,13,23003,14,22742,73,0,188,0
2020-12-26,Udupi,3,23006,12,22754,64,0,188,0
2020-12-27,Udupi,1,23007,5,22759,60,0,188,0
2020-12-28,Udupi,14,23021,8,22767,66,0,188,0
2020-12-29,Udupi,7,23028,7,22774,66,0,188,0
2020-12-30,Udupi,11,23039,15,22789,62,0,188,0
2020-12-31,Udupi,20,23059,7,22796,75,0,188,0
2021-01-01,Udupi,14,23073,6,22802,83,0,188,0
2021-01-02,Udupi,12,23085,13,22815,82,0,188,0
2021-01-03,Udupi,19,23104,4,22819,97,0,188,0
2021-01-04,Udupi,9,23113,14,22833,91,1,189,0
2021-01-05,Udupi,26,23139,7,22840,110,0,189,0
2021-01-06,Udupi,10,23149,10,22850,110,0,189,0
2021-01-07,Udupi,4,23153,20,22870,94,0,189,0
2021-01-08,Udupi,16,23169,15,22885,95,0,189,0
2021-01-09,Udupi,20,23189,12,22897,103,0,189,0
2021-01-10,Udupi,6,23195,9,22906,100,0,189,0
2021-01-11,Udupi,1,23196,20,22926,81,0,189,0
2021-01-12,Udupi,3,23199,24,22950,60,0,189,0
2021-01-13,Udupi,4,23203,10,22960,54,0,189,0
2021-01-14,Udupi,2,23205,3,22963,53,0,189,0
2021-01-15,Udupi,8,23213,19,22982,42,0,189,0
2021-01-16,Udupi,5,23218,19,23001,28,0,189,0
2021-01-17,Udupi,4,23222,5,23006,27,0,189,0
2021-01-18,Udupi,1,23223,2,23008,26,0,189,0
2021-01-19,Udupi,4,23227,3,23011,27,0,189,0
2021-01-20,Udupi,7,23234,4,23015,30,0,189,0
2021-01-21,Udupi,7,23241,10,23025,27,0,189,0
2021-01-22,Udupi,3,23244,3,23028,27,0,189,0
2021-01-23,Udupi,10,23254,7,23035,30,0,189,0
2021-01-24,Udupi,17,23271,4,23039,43,0,189,0
2021-01-25,Udupi,4,23275,7,23046,40,0,189,0
2021-01-26,Udupi,7,23282,7,23053,40,0,189,0
2021-01-27,Udupi,6,23288,8,23061,38,0,189,0
2021-01-28,Udupi,13,23301,5,23066,46,0,189,0
2021-01-29,Udupi,5,23306,18,23084,33,0,189,0
2021-01-30,Udupi,13,23319,3,23087,43,0,189,0
2021-01-31,Udupi,9,23328,8,23095,44,0,189,0
2021-02-01,Udupi,8,23336,5,23100,47,0,189,0
2021-02-02,Udupi,8,23344,14,23114,41,0,189,0
2021-02-03,Udupi,4,23348,4,23118,41,0,189,0
2021-02-04,Udupi,9,23357,13,23131,37,0,189,0
2021-02-05,Udupi,21,23378,10,23141,48,0,189,0
2021-02-06,Udupi,7,23385,7,23148,48,0,189,0
2021-02-07,Udupi,12,23397,9,23157,51,0,189,0
2021-02-08,Udupi,8,23405,6,23163,53,0,189,0
2021-02-09,Udupi,6,23411,11,23174,48,0,189,0
2021-02-10,Udupi,6,23417,10,23184,44,0,189,0
2021-02-11,Udupi,14,23431,8,23192,50,0,189,0
2021-02-12,Udupi,13,23444,5,23197,58,0,189,0
2021-02-13,Udupi,6,23450,12,23209,52,0,189,0
2021-02-14,Udupi,13,23463,8,23217,57,0,189,0
2021-02-15,Udupi,11,23474,7,23224,61,0,189,0
2021-02-16,Udupi,11,23485,5,23229,67,0,189,0
2021-02-17,Udupi,5,23490,15,23244,57,0,189,0
2021-02-18,Udupi,4,23494,14,23258,47,0,189,0
2021-02-19,Udupi,4,23498,6,23264,45,0,189,0
2021-02-20,Udupi,16,23514,15,23279,46,0,189,0
2021-02-21,Udupi,10,23524,6,23285,50,0,189,0
2021-02-22,Udupi,14,23538,12,23297,52,0,189,0
2021-02-23,Udupi,12,23550,5,23302,59,0,189,0
2021-02-24,Udupi,7,23557,4,23306,62,0,189,0
2021-02-25,Udupi,12,23569,11,23317,62,1,190,0
2021-02-26,Udupi,8,23577,11,23328,59,0,190,0
2021-02-27,Udupi,18,23595,9,23337,68,0,190,0
2021-02-28,Udupi,16,23611,12,23349,72,0,190,0
2021-03-01,Udupi,4,23615,14,23363,62,0,190,0
2021-03-02,Udupi,6,23621,6,23369,62,0,190,0
2021-03-03,Udupi,23,23644,11,23380,74,0,190,0
2021-03-04,Udupi,7,23651,9,23389,72,0,190,0
2021-03-05,Udupi,22,23673,18,23407,76,0,190,0
2021-03-06,Udupi,14,23687,17,23424,73,0,190,0
2021-03-07,Udupi,30,23717,3,23427,100,0,190,0
2021-03-08,Udupi,18,23735,6,23433,112,0,190,0
2021-03-09,Udupi,12,23747,22,23455,102,0,190,0
2021-03-10,Udupi,33,23780,9,23464,126,0,190,0
2021-03-11,Udupi,14,23794,20,23484,120,0,190,0
2021-03-12,Udupi,11,23805,14,23498,117,0,190,0
2021-03-13,Udupi,13,23818,33,23531,97,0,190,0
2021-03-14,Udupi,12,23830,19,23550,90,0,190,0
2021-03-15,Udupi,24,23854,9,23559,105,0,190,0
2021-03-16,Udupi,32,23886,33,23592,104,0,190,0
2021-03-17,Udupi,42,23928,13,23605,133,0,190,0
2021-03-18,Udupi,38,23966,12,23617,159,0,190,0
2021-03-19,Udupi,13,23979,14,23631,158,0,190,0
2021-03-20,Udupi,66,24045,12,23643,212,0,190,0
2021-03-21,Udupi,170,24215,24,23667,358,0,190,0
2021-03-22,Udupi,113,24328,32,23699,439,0,190,0
2021-03-23,Udupi,28,24356,43,23742,424,0,190,0
2021-03-24,Udupi,79,24435,35,23777,468,0,190,0
2021-03-25,Udupi,145,24580,18,23795,595,0,190,0
2021-03-26,Udupi,210,24790,63,23858,742,0,190,0
2021-03-27,Udupi,156,24946,171,24029,727,0,190,0
2021-03-28,Udupi,115,25061,27,24056,814,1,191,0
2021-03-29,Udupi,71,25132,116,24172,769,0,191,0
2021-03-30,Udupi,53,25185,79,24251,743,0,191,0
2021-03-31,Udupi,56,25241,141,24392,657,1,192,0
2021-04-01,Udupi,53,25294,210,24602,500,0,192,0
2021-04-02,Udupi,95,25389,162,24764,433,0,192,0
2021-04-03,Udupi,53,25442,111,24875,375,0,192,0
2021-04-04,Udupi,73,25515,68,24943,380,0,192,0
2021-04-05,Udupi,59,25574,53,24996,386,0,192,0
2021-04-06,Udupi,57,25631,55,25051,388,0,192,0
2021-04-07,Udupi,89,25720,59,25110,418,0,192,0
2021-04-08,Udupi,63,25783,90,25200,391,0,192,0
2021-04-09,Udupi,46,25829,57,25257,380,0,192,0
2021-04-10,Udupi,68,25897,94,25351,354,0,192,0
2021-04-11,Udupi,75,25972,68,25419,361,0,192,0
2021-04-12,Udupi,101,26073,82,25501,380,0,192,0
2021-04-13,Udupi,75,26148,29,25530,426,0,192,0
2021-04-14,Udupi,110,26258,62,25592,474,0,192,0
2021-04-15,Udupi,111,26369,59,25651,526,0,192,0
2021-04-16,Udupi,101,26470,35,25686,591,1,193,0
2021-04-17,Udupi,118,26588,126,25812,583,0,193,0
2021-04-18,Udupi,152,26740,75,25887,660,0,193,0
2021-04-19,Udupi,163,26903,77,25964,746,0,193,0
2021-04-20,Udupi,109,27012,112,26076,742,1,194,0
2021-04-21,Udupi,471,27483,128,26204,1085,0,194,0
2021-04-22,Udupi,274,27757,193,26397,1166,0,194,0
2021-04-23,Udupi,282,28039,182,26579,1266,0,194,0
2021-04-24,Udupi,403,28442,177,26756,1492,0,194,0
2021-04-25,Udupi,319,28761,245,27001,1566,0,194,0
2021-04-26,Udupi,412,29173,290,27291,1688,0,194,0
2021-04-27,Udupi,477,29650,272,27563,1893,0,194,0
2021-04-28,Udupi,664,30314,326,27889,2231,0,194,0
2021-04-29,Udupi,568,30882,439,28328,2358,2,196,0
2021-04-30,Udupi,660,31542,359,28687,2657,2,198,0
2021-05-01,Udupi,670,32212,440,29127,2887,0,198,0
2021-05-02,Udupi,413,32625,788,29914,2511,2,200,0
2021-05-03,Udupi,529,33154,549,30463,2490,1,201,0
2021-05-04,Udupi,556,33710,337,30800,2707,2,203,0
2021-05-05,Udupi,1655,35365,433,31233,3926,3,206,0
2021-05-06,Udupi,1526,36891,384,31617,5063,5,211,0
2021-05-07,Udupi,976,37867,783,32400,5250,6,217,0
2021-05-08,Udupi,1043,38910,327,32727,5955,11,228,0
2021-05-09,Udupi,962,39872,543,33270,6369,5,233,0
2021-05-10,Udupi,855,40727,642,33912,6580,2,235,0
2021-05-11,Udupi,1083,41810,785,34697,6875,3,238,0
2021-05-12,Udupi,919,42729,837,35534,6951,6,244,0
2021-05-13,Udupi,891,43620,730,36264,7106,6,250,0
2021-05-14,Udupi,1219,44839,706,36970,7616,3,253,0
2021-05-15,Udupi,1146,45985,1496,38466,7259,7,260,0
2021-05-16,Udupi,745,46730,1196,39662,6803,5,265,0
2021-05-17,Udupi,897,47627,836,40498,6859,5,270,0
2021-05-18,Udupi,737,48364,1095,41593,6498,3,273,0
2021-05-19,Udupi,856,49220,912,42505,6437,5,278,0
2021-05-20,Udupi,809,50029,910,43415,6330,6,284,0
2021-05-21,Udupi,854,50883,1222,44637,5955,7,291,0
2021-05-22,Udupi,849,51732,1160,45797,5640,4,295,0
2021-05-23,Udupi,909,52641,772,46569,5773,4,299,0
2021-05-24,Udupi,927,53568,845,47414,5851,4,303,0
2021-05-25,Udupi,640,54208,694,48108,5793,4,307,0
2021-05-27,Udupi,905,56086,752,49750,6022,2,314,0
2021-05-28,Udupi,766,56852,835,50585,5948,5,319,0
2021-05-29,Udupi,684,57536,848,51433,5781,3,322,0
2021-05-30,Udupi,651,58187,1081,52514,5349,2,324,0
2021-05-31,Udupi,519,58706,765,53279,5099,4,328,0
2021-06-01,Udupi,735,59441,619,53898,5212,3,331,0
2021-06-02,Udupi,636,60077,961,54859,4885,2,333,0
2021-06-03,Udupi,580,60657,898,55757,4567,0,333,0
