Date,District Name,Today’s Positives,Total Positives,Today’s Discharges,Total Discharges,Total Active Cases,Today’s Reported Covid Deaths,Total Covid Deaths,Death due to Non- Covid reasons
2020-07-01,Uttara Kannada,23,276,0,143,133,0,0,0
2020-07-02,Uttara Kannada,17,293,0,143,149,1,1,0
2020-07-03,Uttara Kannada,5,298,8,151,146,0,1,0
2020-07-04,Uttara Kannada,35,333,8,159,173,0,1,0
2020-07-05,Uttara Kannada,21,354,0,159,194,0,1,0
2020-07-06,Uttara Kannada,81,435,6,165,269,0,1,0
2020-07-07,Uttara Kannada,35,470,5,170,299,0,1,0
2020-07-08,Uttara Kannada,19,489,2,172,316,0,1,0
2020-07-10,Uttara Kannada,33,545,10,220,322,2,3,0
2020-07-11,Uttara Kannada,40,585,7,227,354,1,4,0
2020-07-12,Uttara Kannada,12,597,0,227,366,0,4,0
2020-07-13,Uttara Kannada,37,634,27,254,375,1,5,0
2020-07-14,Uttara Kannada,64,698,7,261,432,0,5,0
2020-07-15,Uttara Kannada,48,746,47,308,430,3,8,0
2020-07-16,Uttara Kannada,79,825,7,315,502,0,8,0
2020-07-17,Uttara Kannada,75,900,6,321,569,2,10,0
2020-07-19,Uttara Kannada,69,1085,98,443,632,0,10,0
2020-07-20,Uttara Kannada,78,1163,40,483,670,0,10,0
2020-07-21,Uttara Kannada,109,1272,35,518,744,0,10,0
2020-07-22,Uttara Kannada,63,1335,96,614,708,3,13,0
2020-07-23,Uttara Kannada,83,1418,84,698,707,0,13,0
2020-07-24,Uttara Kannada,88,1506,53,751,741,1,14,0
2020-07-25,Uttara Kannada,155,1661,55,806,841,0,14,0
2020-07-26,Uttara Kannada,85,1746,91,897,833,2,16,0
2020-07-27,Uttara Kannada,32,1778,89,986,775,1,17,0
2020-07-28,Uttara Kannada,47,1825,85,1071,736,1,18,0
2020-07-29,Uttara Kannada,75,1900,106,1177,703,2,20,0
2020-07-30,Uttara Kannada,120,2020,50,1227,771,2,22,0
2020-07-31,Uttara Kannada,92,2112,82,1309,780,1,23,0
2020-08-01,Uttara Kannada,51,2163,65,1374,765,1,24,0
2020-08-02,Uttara Kannada,26,2189,71,1445,720,0,24,0
2020-08-03,Uttara Kannada,31,2220,64,1509,686,1,25,0
2020-08-04,Uttara Kannada,57,2277,0,1509,743,0,25,0
2020-08-05,Uttara Kannada,125,2402,78,1587,790,0,25,0
2020-08-06,Uttara Kannada,77,2479,72,1659,794,1,26,0
2020-08-07,Uttara Kannada,120,2599,78,1737,836,0,26,0
2020-08-08,Uttara Kannada,117,2716,69,1806,884,0,26,0
2020-08-09,Uttara Kannada,59,2775,35,1841,908,0,26,0
2020-08-10,Uttara Kannada,53,2828,40,1881,921,0,26,0
2020-08-11,Uttara Kannada,73,2901,69,1950,925,0,26,0
2020-08-12,Uttara Kannada,84,2985,74,2024,935,0,26,0
2020-08-13,Uttara Kannada,64,3049,43,2067,954,2,28,0
2020-08-14,Uttara Kannada,87,3136,117,2184,923,1,29,0
2020-08-15,Uttara Kannada,75,3211,42,2226,955,1,30,0
2020-08-16,Uttara Kannada,61,3272,110,2336,904,2,32,0
2020-08-17,Uttara Kannada,89,3361,39,2375,953,1,33,0
2020-08-18,Uttara Kannada,80,3441,113,2488,919,1,34,0
2020-08-19,Uttara Kannada,119,3560,130,2618,907,1,35,0
2020-08-20,Uttara Kannada,115,3675,116,2734,903,3,38,0
2020-08-21,Uttara Kannada,91,3766,127,2861,867,0,38,0
2020-08-22,Uttara Kannada,64,3830,70,2931,860,1,39,0
2020-08-23,Uttara Kannada,108,3938,63,2994,904,1,40,0
2020-08-24,Uttara Kannada,91,4029,50,3044,944,1,41,0
2020-08-25,Uttara Kannada,141,4170,107,3151,975,3,44,0
2020-08-26,Uttara Kannada,129,4299,38,3189,1065,1,45,0
2020-08-27,Uttara Kannada,164,4463,111,3300,1115,3,48,0
2020-08-28,Uttara Kannada,147,4610,88,3388,1171,3,51,0
2020-08-29,Uttara Kannada,130,4740,50,3438,1250,1,52,0
2020-08-30,Uttara Kannada,113,4853,180,3618,1183,0,52,0
2020-08-31,Uttara Kannada,86,4939,78,3696,1190,1,53,0
2020-09-01,Uttara Kannada,114,5053,68,3764,1235,1,54,0
2020-09-02,Uttara Kannada,126,5179,130,3894,1231,0,54,0
2020-09-03,Uttara Kannada,182,5361,43,3937,1369,1,55,0
2020-09-04,Uttara Kannada,178,5539,135,4072,1411,1,56,0
2020-09-06,Uttara Kannada,247,5993,97,4248,1688,1,57,0
2020-09-07,Uttara Kannada,77,6070,67,4314,1696,3,60,0
2020-09-08,Uttara Kannada,24,6094,72,4386,1644,4,64,0
2020-09-09,Uttara Kannada,260,6354,82,4468,1820,2,66,0
2020-09-10,Uttara Kannada,214,6568,116,4584,1910,8,74,0
2020-09-11,Uttara Kannada,114,6682,182,4766,1838,4,78,0
2020-09-12,Uttara Kannada,130,6812,86,4852,1880,2,80,0
2020-09-13,Uttara Kannada,141,6953,36,4888,1984,1,81,0
2020-09-14,Uttara Kannada,191,7144,99,4987,2074,2,83,0
2020-09-15,Uttara Kannada,195,7339,162,5149,2105,2,85,0
2020-09-16,Uttara Kannada,294,7633,136,5285,2261,4,87,0
2020-09-17,Uttara Kannada,127,7760,51,5336,2333,4,91,0
2020-09-18,Uttara Kannada,181,7941,105,5441,2406,3,94,0
2020-09-19,Uttara Kannada,129,8070,407,5848,2122,6,100,0
2020-09-20,Uttara Kannada,108,8178,140,5988,2088,2,102,0
2020-09-21,Uttara Kannada,184,8362,21,6009,2251,0,102,0
2020-09-22,Uttara Kannada,155,8517,456,6465,1943,7,109,0
2020-09-23,Uttara Kannada,115,8632,0,6465,2058,0,109,0
2020-09-24,Uttara Kannada,109,8741,38,6503,2129,0,109,0
2020-09-25,Uttara Kannada,92,8833,63,6566,2158,0,109,0
2020-09-26,Uttara Kannada,104,8937,51,6617,2211,0,109,0
2020-09-27,Uttara Kannada,100,9037,47,6664,2264,0,109,0
2020-09-28,Uttara Kannada,176,9213,43,6707,2395,2,111,0
2020-09-29,Uttara Kannada,125,9338,54,6761,2466,0,111,0
2020-09-30,Uttara Kannada,146,9484,142,6903,2470,0,111,0
2020-10-01,Uttara Kannada,87,9571,34,6937,2523,0,111,0
2020-10-02,Uttara Kannada,80,9651,18,6955,2585,0,111,0
2020-10-03,Uttara Kannada,92,9743,32,6987,2641,4,115,0
2020-10-04,Uttara Kannada,84,9827,42,7029,2683,0,115,0
2020-10-05,Uttara Kannada,64,9891,40,7069,2707,0,115,0
2020-10-06,Uttara Kannada,150,10041,286,7355,2571,0,115,0
2020-10-07,Uttara Kannada,462,10503,818,8173,2208,7,122,0
2020-10-08,Uttara Kannada,213,10716,335,8508,2084,2,124,0
2020-10-09,Uttara Kannada,196,10912,296,8804,1981,3,127,0
2020-10-10,Uttara Kannada,89,11001,234,9038,1834,2,129,0
2020-10-11,Uttara Kannada,115,11116,597,9635,1350,2,131,0
2020-10-12,Uttara Kannada,151,11267,162,9797,1336,3,134,0
2020-10-13,Uttara Kannada,115,11382,226,10023,1224,1,135,0
2020-10-14,Uttara Kannada,192,11574,99,10122,1314,3,138,0
2020-10-15,Uttara Kannada,57,11631,101,10223,1268,2,140,0
2020-10-16,Uttara Kannada,111,11742,131,10354,1244,4,144,0
2020-10-17,Uttara Kannada,123,11865,116,10470,1247,4,148,0
2020-10-18,Uttara Kannada,92,11957,115,10585,1222,2,150,0
2020-10-19,Uttara Kannada,28,11985,58,10643,1192,0,150,0
2020-10-20,Uttara Kannada,180,12165,125,10768,1246,1,151,0
2020-10-21,Uttara Kannada,74,12239,105,10873,1215,0,151,0
2020-10-22,Uttara Kannada,60,12299,199,11072,1076,0,151,0
2020-10-24,Uttara Kannada,48,12460,92,11264,1045,0,151,0
2020-10-25,Uttara Kannada,46,12506,51,11315,1040,0,151,0
2020-10-26,Uttara Kannada,51,12557,87,11402,1003,1,152,0
2020-10-27,Uttara Kannada,78,12635,170,11572,909,2,154,0
2020-10-28,Uttara Kannada,31,12666,133,11705,806,1,155,0
2020-10-29,Uttara Kannada,99,12765,52,11757,853,0,155,0
2020-10-30,Uttara Kannada,51,12816,92,11849,812,0,155,0
2020-10-31,Uttara Kannada,24,12840,25,11874,811,0,155,0
2020-12-01,Uttara Kannada,31,13801,38,13454,176,0,171,0
2020-12-02,Uttara Kannada,20,13821,36,13490,160,0,171,0
2020-12-03,Uttara Kannada,20,13841,17,13507,163,0,171,0
2020-12-04,Uttara Kannada,13,13854,13,13520,163,0,171,0
2020-12-05,Uttara Kannada,30,13884,27,13547,165,1,172,0
2020-12-06,Uttara Kannada,10,13894,29,13576,146,0,172,0
2020-12-07,Uttara Kannada,15,13909,12,13588,149,0,172,0
2020-12-08,Uttara Kannada,22,13931,26,13614,145,0,172,0
2020-12-09,Uttara Kannada,15,13946,17,13631,143,0,172,0
2020-12-10,Uttara Kannada,12,13958,18,13649,137,0,172,0
2020-12-11,Uttara Kannada,12,13970,20,13669,129,0,172,0
2020-12-12,Uttara Kannada,20,13990,11,13680,138,0,172,0
2020-12-13,Uttara Kannada,22,14012,13,13693,147,0,172,0
2020-12-14,Uttara Kannada,18,14030,8,13701,156,1,173,0
2020-12-15,Uttara Kannada,16,14046,18,13719,153,1,174,0
2020-12-16,Uttara Kannada,8,14054,26,13745,135,0,174,0
2020-12-17,Uttara Kannada,14,14068,16,13761,133,0,174,0
2020-12-18,Uttara Kannada,19,14087,20,13781,132,0,174,0
2020-12-19,Uttara Kannada,17,14104,40,13821,108,1,175,0
2020-12-20,Uttara Kannada,14,14118,16,13837,106,0,175,0
2020-12-21,Uttara Kannada,10,14128,10,13847,106,0,175,0
2020-12-22,Uttara Kannada,6,14134,7,13854,105,0,175,0
2020-12-23,Uttara Kannada,13,14147,23,13877,95,0,175,0
2020-12-24,Uttara Kannada,14,14161,9,13886,100,0,175,0
2020-12-25,Uttara Kannada,14,14175,11,13897,103,0,175,0
2020-12-26,Uttara Kannada,13,14188,14,13911,102,0,175,0
2020-12-27,Uttara Kannada,11,14199,10,13921,103,0,175,0
2020-12-28,Uttara Kannada,8,14207,13,13934,97,1,176,0
2020-12-29,Uttara Kannada,5,14212,10,13944,92,0,176,0
2020-12-30,Uttara Kannada,7,14219,12,13956,87,0,176,0
2020-12-31,Uttara Kannada,9,14228,22,13978,74,0,176,0
2021-01-01,Uttara Kannada,16,14244,9,13987,81,0,176,0
2021-01-02,Uttara Kannada,28,14272,6,13993,103,0,176,0
2021-01-03,Uttara Kannada,7,14279,5,13998,105,0,176,0
2021-01-04,Uttara Kannada,12,14291,26,14024,91,0,176,0
2021-01-05,Uttara Kannada,15,14306,15,14039,90,1,177,0
2021-01-06,Uttara Kannada,9,14315,21,14060,78,0,177,0
2021-01-07,Uttara Kannada,12,14327,13,14073,77,0,177,0
2021-01-08,Uttara Kannada,18,14345,10,14083,85,0,177,0
2021-01-09,Uttara Kannada,11,14356,16,14099,80,0,177,0
2021-01-10,Uttara Kannada,13,14369,15,14114,78,0,177,0
2021-01-11,Uttara Kannada,7,14376,16,14130,69,0,177,0
2021-01-12,Uttara Kannada,10,14386,6,14136,73,0,177,0
2021-01-13,Uttara Kannada,5,14391,8,14144,69,1,178,0
2021-01-14,Uttara Kannada,12,14403,10,14154,71,0,178,0
2021-01-15,Uttara Kannada,15,14418,13,14167,73,0,178,0
2021-01-16,Uttara Kannada,16,14434,9,14176,80,0,178,0
2021-01-17,Uttara Kannada,7,14441,12,14188,75,0,178,0
2021-01-18,Uttara Kannada,7,14448,8,14196,74,0,178,0
2021-01-19,Uttara Kannada,17,14465,9,14205,82,0,178,0
2021-01-20,Uttara Kannada,4,14469,11,14216,75,0,178,0
2021-01-21,Uttara Kannada,8,14477,5,14221,78,0,178,0
2021-01-22,Uttara Kannada,3,14480,14,14235,67,0,178,0
2021-01-23,Uttara Kannada,15,14495,6,14241,76,0,178,0
2021-01-24,Uttara Kannada,8,14503,7,14248,77,0,178,0
2021-01-25,Uttara Kannada,7,14510,22,14270,62,0,178,0
2021-01-26,Uttara Kannada,16,14526,7,14277,71,0,178,0
2021-01-27,Uttara Kannada,14,14540,7,14284,78,0,178,0
2021-01-28,Uttara Kannada,9,14549,14,14298,73,0,178,0
2021-01-29,Uttara Kannada,6,14555,9,14307,70,0,178,0
2021-01-30,Uttara Kannada,2,14557,11,14318,61,0,178,0
2021-01-31,Uttara Kannada,17,14574,14,14332,64,0,178,0
2021-02-01,Uttara Kannada,10,14584,5,14337,69,0,178,0
2021-02-02,Uttara Kannada,7,14591,4,14341,72,0,178,0
2021-02-03,Uttara Kannada,1,14592,7,14348,66,0,178,0
2021-02-04,Uttara Kannada,4,14596,12,14360,58,0,178,0
2021-02-05,Uttara Kannada,17,14613,16,14376,59,0,178,0
2021-02-06,Uttara Kannada,12,14625,11,14387,60,0,178,0
2021-02-07,Uttara Kannada,3,14628,7,14394,56,0,178,0
2021-02-08,Uttara Kannada,2,14630,7,14401,51,0,178,0
2021-02-09,Uttara Kannada,5,14635,6,14407,50,0,178,0
2021-02-10,Uttara Kannada,3,14638,6,14413,47,0,178,0
2021-02-11,Uttara Kannada,7,14645,14,14427,40,0,178,0
2021-02-12,Uttara Kannada,3,14648,2,14429,41,0,178,0
2021-02-13,Uttara Kannada,3,14651,3,14432,41,0,178,0
2021-02-14,Uttara Kannada,1,14652,3,14435,39,0,178,0
2021-02-15,Uttara Kannada,7,14659,5,14440,41,0,178,0
2021-02-16,Uttara Kannada,7,14666,7,14447,41,0,178,0
2021-02-17,Uttara Kannada,5,14671,5,14452,41,0,178,0
2021-02-18,Uttara Kannada,7,14678,4,14456,44,0,178,0
2021-02-19,Uttara Kannada,3,14681,5,14461,42,0,178,0
2021-02-20,Uttara Kannada,2,14683,5,14466,39,0,178,0
2021-02-21,Uttara Kannada,6,14689,3,14469,42,0,178,0
2021-02-22,Uttara Kannada,0,14689,3,14472,39,0,178,0
2021-02-23,Uttara Kannada,0,14689,4,14476,35,0,178,0
2021-02-24,Uttara Kannada,1,14690,4,14480,32,0,178,0
2021-02-25,Uttara Kannada,2,14692,4,14484,30,0,178,0
2021-02-26,Uttara Kannada,5,14697,9,14493,26,0,178,0
2021-02-27,Uttara Kannada,0,14697,3,14496,23,0,178,0
2021-02-28,Uttara Kannada,4,14701,3,14499,24,0,178,0
2021-03-01,Uttara Kannada,8,14709,2,14501,30,0,178,0
2021-03-02,Uttara Kannada,2,14711,4,14505,28,0,178,0
2021-03-03,Uttara Kannada,2,14713,4,14509,26,0,178,0
2021-03-04,Uttara Kannada,5,14718,2,14511,29,0,178,0
2021-03-05,Uttara Kannada,3,14721,2,14513,30,0,178,0
2021-03-06,Uttara Kannada,16,14737,3,14516,43,0,178,0
2021-03-07,Uttara Kannada,5,14742,4,14520,44,0,178,0
2021-03-08,Uttara Kannada,4,14746,16,14536,32,0,178,0
2021-03-09,Uttara Kannada,3,14749,2,14538,33,0,178,0
2021-03-10,Uttara Kannada,7,14756,1,14539,39,0,178,0
2021-03-11,Uttara Kannada,3,14759,3,14542,39,0,178,0
2021-03-12,Uttara Kannada,15,14774,7,14549,47,0,178,0
2021-03-13,Uttara Kannada,5,14779,3,14552,49,0,178,0
2021-03-14,Uttara Kannada,7,14786,6,14558,50,0,178,0
2021-03-15,Uttara Kannada,6,14792,3,14561,53,0,178,0
2021-03-16,Uttara Kannada,5,14797,2,14563,56,0,178,0
2021-03-17,Uttara Kannada,3,14800,8,14571,51,0,178,0
2021-03-18,Uttara Kannada,9,14809,3,14574,57,0,178,0
2021-03-19,Uttara Kannada,5,14814,5,14579,57,0,178,0
2021-03-20,Uttara Kannada,0,14814,10,14589,47,0,178,0
2021-03-21,Uttara Kannada,11,14825,12,14601,46,0,178,0
2021-03-22,Uttara Kannada,7,14832,7,14608,45,1,179,0
2021-03-23,Uttara Kannada,6,14838,1,14609,50,0,179,0
2021-03-24,Uttara Kannada,10,14848,4,14613,56,0,179,0
2021-03-25,Uttara Kannada,13,14861,6,14619,63,0,179,0
2021-03-26,Uttara Kannada,13,14874,7,14626,69,0,179,0
2021-03-27,Uttara Kannada,14,14888,7,14633,76,0,179,0
2021-03-28,Uttara Kannada,11,14899,2,14635,85,0,179,0
2021-03-29,Uttara Kannada,15,14914,3,14638,97,0,179,0
2021-03-30,Uttara Kannada,40,14954,9,14647,128,0,179,0
2021-03-31,Uttara Kannada,37,14991,8,14655,156,1,180,0
2021-04-01,Uttara Kannada,44,15035,17,14672,183,0,180,0
2021-04-02,Uttara Kannada,25,15060,12,14684,196,0,180,0
2021-04-03,Uttara Kannada,29,15089,15,14699,210,0,180,0
2021-04-04,Uttara Kannada,49,15138,13,14712,246,0,180,0
2021-04-05,Uttara Kannada,51,15189,34,14746,263,0,180,0
2021-04-06,Uttara Kannada,66,15255,13,14759,316,0,180,0
2021-04-07,Uttara Kannada,35,15290,11,14770,340,0,180,0
2021-04-08,Uttara Kannada,142,15432,29,14799,453,0,180,0
2021-04-09,Uttara Kannada,67,15499,78,14877,441,1,181,0
2021-04-10,Uttara Kannada,64,15563,63,14940,441,1,182,0
2021-04-11,Uttara Kannada,73,15636,120,15060,394,0,182,0
2021-04-12,Uttara Kannada,64,15700,56,15116,402,0,182,0
2021-04-13,Uttara Kannada,75,15775,62,15178,415,0,182,0
2021-04-14,Uttara Kannada,41,15816,50,15228,406,0,182,0
2021-04-15,Uttara Kannada,89,15905,52,15280,441,2,184,0
2021-04-16,Uttara Kannada,72,15977,82,15362,430,1,185,0
2021-04-17,Uttara Kannada,102,16079,70,15432,461,1,186,0
2021-04-18,Uttara Kannada,104,16183,71,15503,492,2,188,0
2021-04-19,Uttara Kannada,106,16289,86,15589,511,1,189,0
2021-04-20,Uttara Kannada,106,16395,56,15645,561,0,189,0
2021-04-21,Uttara Kannada,171,16566,39,15684,692,1,190,0
2021-04-22,Uttara Kannada,163,16729,94,15778,759,2,192,0
2021-04-23,Uttara Kannada,181,16910,19,15797,921,0,192,0
2021-04-24,Uttara Kannada,185,17095,71,15868,1033,2,194,0
2021-04-25,Uttara Kannada,243,17338,70,15938,1205,1,195,0
2021-04-26,Uttara Kannada,190,17528,119,16057,1273,3,198,0
2021-04-27,Uttara Kannada,205,17733,113,16170,1364,1,199,0
2021-04-28,Uttara Kannada,301,18034,73,16243,1592,0,199,0
2021-04-29,Uttara Kannada,377,18411,103,16346,1862,4,203,0
2021-04-30,Uttara Kannada,426,18837,175,16521,2108,5,208,0
2021-05-01,Uttara Kannada,687,19524,276,16797,2514,5,213,0
2021-05-02,Uttara Kannada,538,20062,176,16973,2869,7,220,0
2021-05-03,Uttara Kannada,776,20838,294,17267,3350,1,221,0
2021-05-04,Uttara Kannada,822,21660,293,17560,3871,8,229,0
2021-05-05,Uttara Kannada,849,22509,370,17930,4335,15,244,0
2021-05-06,Uttara Kannada,734,23243,417,18347,4646,6,250,0
2021-05-07,Uttara Kannada,833,24076,395,18742,5072,12,262,0
2021-05-08,Uttara Kannada,1034,25110,722,19464,5373,11,273,0
2021-05-09,Uttara Kannada,917,26027,417,19881,5864,9,282,0
2021-05-10,Uttara Kannada,885,26912,663,20544,6075,11,293,0
2021-05-11,Uttara Kannada,1084,27996,761,21305,6380,18,311,0
2021-05-12,Uttara Kannada,960,28956,751,22056,6581,8,319,0
2021-05-13,Uttara Kannada,791,29747,752,22808,6606,14,333,0
2021-05-14,Uttara Kannada,787,30534,790,23598,6588,15,348,0
2021-05-15,Uttara Kannada,1226,31760,935,24533,6875,4,352,0
2021-05-16,Uttara Kannada,1087,32847,928,25461,7010,24,376,0
2021-05-17,Uttara Kannada,1288,34135,1104,26565,7179,15,391,0
2021-05-18,Uttara Kannada,803,34938,784,27349,7176,22,413,0
2021-05-19,Uttara Kannada,833,35771,1334,28683,6661,14,427,0
2021-05-20,Uttara Kannada,582,36353,1069,29752,6172,2,429,0
2021-05-21,Uttara Kannada,768,37121,967,30719,5951,22,451,0
2021-05-22,Uttara Kannada,1357,38478,1348,32067,5940,20,471,0
2021-05-23,Uttara Kannada,862,39340,938,33005,5847,17,488,0
2021-05-24,Uttara Kannada,1110,40450,1050,34055,5901,6,494,0
2021-05-25,Uttara Kannada,992,41442,924,34979,5954,15,509,0
2021-05-26,Uttara Kannada,786,42228,772,35751,5958,10,519,0
2021-05-27,Uttara Kannada,659,42887,672,36423,5932,13,532,0
2021-05-28,Uttara Kannada,692,43579,722,37145,5891,11,543,0
2021-05-29,Uttara Kannada,536,44115,655,37800,5757,15,558,0
2021-05-30,Uttara Kannada,504,44619,1040,38840,5214,7,565,0
2021-05-31,Uttara Kannada,641,45260,939,39779,4906,10,575,0
2021-06-01,Uttara Kannada,332,45592,641,40420,4589,8,583,0
2021-06-02,Uttara Kannada,456,46048,347,40767,4689,9,592,0
2021-06-03,Uttara Kannada,588,46636,612,41379,4654,11,603,0
