Date,District Name,Today’s Positives,Total Positives,Today’s Discharges,Total Discharges,Total Active Cases,Today’s Reported Covid Deaths,Total Covid Deaths,Death due to Non- Covid reasons
2020-07-01,Vijayapura,28,427,3,308,110,0,9,0
2020-07-02,Vijayapura,39,466,14,322,135,0,9,0
2020-07-03,Vijayapura,4,470,28,350,109,2,11,0
2020-07-04,Vijayapura,37,507,24,374,122,0,11,0
2020-07-05,Vijayapura,51,558,30,404,143,0,11,0
2020-07-06,Vijayapura,36,594,20,424,159,0,11,0
2020-07-07,Vijayapura,22,616,18,442,163,0,11,0
2020-07-08,Vijayapura,4,620,2,444,163,2,13,0
2020-07-10,Vijayapura,89,710,13,463,234,0,13,0
2020-07-11,Vijayapura,48,758,17,480,263,2,15,0
2020-07-12,Vijayapura,0,758,10,490,252,1,16,0
2020-07-13,Vijayapura,86,844,84,574,254,0,16,0
2020-07-14,Vijayapura,52,896,80,654,223,3,19,0
2020-07-15,Vijayapura,80,976,0,654,303,0,19,0
2020-07-16,Vijayapura,144,1120,65,719,382,0,19,0
2020-07-17,Vijayapura,118,1238,84,803,415,1,20,0
2020-07-19,Vijayapura,171,1585,127,1033,531,1,21,0
2020-07-20,Vijayapura,160,1745,58,1091,632,1,22,0
2020-07-21,Vijayapura,13,1758,102,1193,542,1,23,0
2020-07-22,Vijayapura,52,1810,52,1245,542,0,23,0
2020-07-23,Vijayapura,20,1830,57,1302,504,1,24,0
2020-07-24,Vijayapura,158,1988,85,1387,577,0,24,0
2020-07-25,Vijayapura,175,2163,194,1581,558,0,24,0
2020-07-26,Vijayapura,132,2295,143,1724,546,1,25,0
2020-07-27,Vijayapura,110,2405,20,1744,634,2,27,0
2020-07-28,Vijayapura,153,2558,201,1945,585,1,28,0
2020-07-29,Vijayapura,90,2648,39,1984,635,1,29,0
2020-07-30,Vijayapura,124,2772,30,2014,729,0,29,0
2020-07-31,Vijayapura,118,2890,49,2061,795,5,34,0
2020-08-01,Vijayapura,129,3019,55,2116,868,1,35,0
2020-08-02,Vijayapura,113,3132,68,2184,912,1,36,0
2020-08-03,Vijayapura,92,3224,9,2193,993,2,38,0
2020-08-04,Vijayapura,71,3295,78,2271,985,1,39,0
2020-08-05,Vijayapura,66,3361,63,2334,988,0,39,0
2020-08-06,Vijayapura,58,3419,62,2396,983,1,40,0
2020-08-07,Vijayapura,143,3562,128,2524,998,0,40,0
2020-08-08,Vijayapura,143,3705,167,2691,973,1,41,0
2020-08-09,Vijayapura,129,3834,110,2801,992,0,41,0
2020-08-10,Vijayapura,139,3973,101,2902,1030,0,41,0
2020-08-11,Vijayapura,121,4094,197,3099,952,2,43,0
2020-08-12,Vijayapura,121,4215,90,3189,981,2,45,0
2020-08-13,Vijayapura,121,4336,149,3338,951,2,47,0
2020-08-14,Vijayapura,144,4480,122,3460,971,2,49,0
2020-08-15,Vijayapura,232,4712,135,3595,1066,2,51,0
2020-08-16,Vijayapura,158,4870,185,3780,1036,3,54,0
2020-08-17,Vijayapura,106,4976,163,3943,976,3,57,0
2020-08-18,Vijayapura,64,5040,220,4163,817,3,60,0
2020-08-19,Vijayapura,107,5147,19,4182,903,2,62,0
2020-08-20,Vijayapura,112,5259,150,4332,861,4,66,0
2020-08-21,Vijayapura,124,5383,186,4518,795,4,70,0
2020-08-22,Vijayapura,151,5534,130,4648,813,3,73,0
2020-08-23,Vijayapura,134,5668,155,4803,788,4,77,0
2020-08-24,Vijayapura,138,5806,90,4893,832,4,81,0
2020-08-25,Vijayapura,135,5941,108,5001,855,4,85,0
2020-08-26,Vijayapura,131,6072,102,5103,881,3,88,0
2020-08-27,Vijayapura,121,6193,176,5279,823,3,91,0
2020-08-28,Vijayapura,139,6332,152,5431,806,4,95,0
2020-08-29,Vijayapura,130,6462,86,5517,846,4,99,0
2020-08-30,Vijayapura,127,6589,196,5713,773,4,103,0
2020-08-31,Vijayapura,84,6673,112,5825,742,3,106,0
2020-09-01,Vijayapura,67,6740,112,5937,693,4,110,0
2020-09-02,Vijayapura,122,6862,79,6016,733,3,113,0
2020-09-03,Vijayapura,131,6993,173,6189,689,2,115,0
2020-09-04,Vijayapura,85,7078,123,6312,649,2,117,0
2020-09-06,Vijayapura,96,7277,125,6512,644,2,121,0
2020-09-07,Vijayapura,112,7389,119,6637,629,2,123,0
2020-09-08,Vijayapura,61,7450,73,6710,615,2,125,0
2020-09-09,Vijayapura,57,7507,21,6731,649,2,127,0
2020-09-10,Vijayapura,63,7570,55,6786,654,3,130,0
2020-09-11,Vijayapura,92,7662,96,6882,648,2,132,0
2020-09-12,Vijayapura,58,7720,73,6955,632,1,133,0
2020-09-13,Vijayapura,30,7750,84,7039,577,1,134,0
2020-09-14,Vijayapura,176,7926,68,7107,683,2,136,0
2020-09-15,Vijayapura,131,8057,87,7194,725,2,138,0
2020-09-16,Vijayapura,115,8172,65,7259,773,2,140,0
2020-09-17,Vijayapura,107,8279,74,7333,804,2,142,0
2020-09-18,Vijayapura,86,8365,77,7410,812,1,143,0
2020-09-19,Vijayapura,87,8452,84,7494,813,2,145,0
2020-09-20,Vijayapura,81,8533,102,7596,791,1,146,0
2020-09-21,Vijayapura,102,8635,90,7686,801,2,148,0
2020-09-22,Vijayapura,80,8715,75,7761,804,2,150,0
2020-09-23,Vijayapura,82,8797,119,7880,765,2,152,0
2020-09-24,Vijayapura,79,8876,138,8018,704,2,154,0
2020-09-25,Vijayapura,183,9059,192,8210,693,2,156,0
2020-09-26,Vijayapura,67,9126,109,8319,649,2,158,0
2020-09-27,Vijayapura,35,9161,93,8412,588,3,161,0
2020-09-28,Vijayapura,117,9278,62,8474,642,1,162,0
2020-09-29,Vijayapura,138,9416,81,8555,698,1,163,0
2020-09-30,Vijayapura,80,9496,79,8634,698,1,164,0
2020-10-01,Vijayapura,257,9753,73,8707,881,1,165,0
2020-10-02,Vijayapura,146,9899,61,8768,965,1,166,0
2020-10-03,Vijayapura,97,9996,131,8899,930,1,167,0
2020-10-04,Vijayapura,152,10148,43,8942,1038,1,168,0
2020-10-05,Vijayapura,136,10284,79,9021,1094,1,169,0
2020-10-06,Vijayapura,80,10364,57,9078,1116,1,170,0
2020-10-07,Vijayapura,73,10437,89,9167,1099,1,171,0
2020-10-08,Vijayapura,110,10547,113,9280,1095,1,172,0
2020-10-09,Vijayapura,92,10639,156,9436,1030,1,173,0
2020-10-10,Vijayapura,130,10769,236,9672,923,1,174,0
2020-10-11,Vijayapura,165,10934,140,9812,947,1,175,0
2020-10-12,Vijayapura,91,11025,89,9901,948,1,176,0
2020-10-13,Vijayapura,87,11112,132,10033,902,1,177,0
2020-10-14,Vijayapura,128,11240,135,10168,893,2,179,0
2020-10-15,Vijayapura,160,11400,216,10384,835,2,181,0
2020-10-16,Vijayapura,73,11473,136,10520,770,2,183,0
2020-10-17,Vijayapura,69,11542,177,10697,661,1,184,0
2020-10-18,Vijayapura,95,11637,128,10825,627,1,185,0
2020-10-19,Vijayapura,44,11681,172,10997,498,1,186,0
2020-10-20,Vijayapura,80,11761,89,11086,488,1,187,0
2020-10-21,Vijayapura,38,11799,75,11161,450,1,188,0
2020-10-22,Vijayapura,83,11882,93,11254,439,1,189,0
2020-10-24,Vijayapura,62,12036,81,11407,438,1,191,0
2020-10-25,Vijayapura,49,12085,98,11505,389,0,191,0
2020-10-26,Vijayapura,63,12148,59,11564,393,0,191,0
2020-10-27,Vijayapura,128,12276,63,11627,457,1,192,0
2020-10-28,Vijayapura,37,12313,39,11666,454,1,193,0
2020-10-29,Vijayapura,71,12384,52,11718,472,1,194,0
2020-10-30,Vijayapura,75,12459,72,11790,475,0,194,0
2020-10-31,Vijayapura,122,12581,69,11859,527,1,195,0
2020-12-01,Vijayapura,12,13792,22,13472,119,0,201,0
2020-12-02,Vijayapura,22,13814,22,13494,118,1,202,0
2020-12-03,Vijayapura,12,13826,24,13518,106,0,202,0
2020-12-04,Vijayapura,12,13838,11,13529,107,0,202,0
2020-12-05,Vijayapura,9,13847,26,13555,90,0,202,0
2020-12-06,Vijayapura,13,13860,11,13566,92,0,202,0
2020-12-07,Vijayapura,14,13874,15,13581,91,0,202,0
2020-12-08,Vijayapura,6,13880,10,13591,87,0,202,0
2020-12-09,Vijayapura,10,13890,12,13603,85,0,202,0
2020-12-10,Vijayapura,16,13906,16,13619,85,0,202,0
2020-12-11,Vijayapura,14,13920,9,13628,89,1,203,0
2020-12-12,Vijayapura,18,13938,13,13641,94,0,203,0
2020-12-13,Vijayapura,11,13949,16,13657,89,0,203,0
2020-12-14,Vijayapura,15,13964,19,13676,85,0,203,0
2020-12-15,Vijayapura,17,13981,8,13684,94,0,203,0
2020-12-16,Vijayapura,6,13987,7,13691,93,0,203,0
2020-12-17,Vijayapura,14,14001,7,13698,100,0,203,0
2020-12-18,Vijayapura,25,14026,13,13711,112,0,203,0
2020-12-19,Vijayapura,10,14036,12,13723,110,0,203,0
2020-12-20,Vijayapura,23,14059,11,13734,121,1,204,0
2020-12-21,Vijayapura,15,14074,22,13756,114,0,204,0
2020-12-22,Vijayapura,8,14082,12,13768,110,0,204,0
2020-12-23,Vijayapura,17,14099,12,13780,115,0,204,0
2020-12-24,Vijayapura,21,14120,19,13799,117,0,204,0
2020-12-25,Vijayapura,12,14132,11,13810,118,0,204,0
2020-12-26,Vijayapura,12,14144,19,13829,111,0,204,0
2020-12-27,Vijayapura,5,14149,25,13854,91,0,204,0
2020-12-28,Vijayapura,9,14158,14,13868,86,0,204,0
2020-12-29,Vijayapura,5,14163,17,13885,74,0,204,0
2020-12-30,Vijayapura,19,14182,9,13894,84,0,204,0
2020-12-31,Vijayapura,7,14189,18,13912,72,1,205,0
2021-01-01,Vijayapura,19,14208,12,13924,79,0,205,0
2021-01-02,Vijayapura,25,14233,8,13932,96,0,205,0
2021-01-03,Vijayapura,8,14241,10,13942,94,0,205,0
2021-01-04,Vijayapura,11,14252,13,13955,91,1,206,0
2021-01-05,Vijayapura,9,14261,22,13977,78,0,206,0
2021-01-06,Vijayapura,7,14268,12,13989,73,0,206,0
2021-01-07,Vijayapura,15,14283,13,14002,75,0,206,0
2021-01-08,Vijayapura,6,14289,19,14021,62,0,206,0
2021-01-09,Vijayapura,15,14304,11,14032,66,0,206,0
2021-01-10,Vijayapura,6,14310,9,14041,63,0,206,0
2021-01-11,Vijayapura,5,14315,5,14046,63,0,206,0
2021-01-12,Vijayapura,9,14324,7,14053,65,0,206,0
2021-01-13,Vijayapura,3,14327,4,14057,64,0,206,0
2021-01-14,Vijayapura,4,14331,12,14069,56,0,206,0
2021-01-15,Vijayapura,7,14338,9,14078,54,0,206,0
2021-01-16,Vijayapura,15,14353,7,14085,62,0,206,0
2021-01-17,Vijayapura,11,14364,5,14090,68,0,206,0
2021-01-18,Vijayapura,2,14366,3,14093,67,0,206,0
2021-01-19,Vijayapura,2,14368,6,14099,63,0,206,0
2021-01-20,Vijayapura,12,14380,14,14113,61,0,206,0
2021-01-21,Vijayapura,2,14382,18,14131,45,0,206,0
2021-01-22,Vijayapura,3,14385,6,14137,42,0,206,0
2021-01-23,Vijayapura,7,14392,10,14147,39,0,206,0
2021-01-24,Vijayapura,2,14394,6,14153,35,0,206,0
2021-01-25,Vijayapura,5,14399,9,14162,31,0,206,0
2021-01-26,Vijayapura,2,14401,11,14173,22,0,206,0
2021-01-27,Vijayapura,2,14403,3,14176,21,0,206,0
2021-01-28,Vijayapura,2,14405,2,14178,21,0,206,0
2021-01-29,Vijayapura,1,14406,3,14181,19,0,206,0
2021-01-30,Vijayapura,3,14409,5,14186,17,0,206,0
2021-01-31,Vijayapura,4,14413,6,14192,15,0,206,0
2021-02-01,Vijayapura,4,14417,4,14196,15,0,206,0
2021-02-02,Vijayapura,4,14421,2,14198,17,0,206,0
2021-02-03,Vijayapura,0,14421,1,14199,16,0,206,0
2021-02-04,Vijayapura,4,14425,2,14201,18,0,206,0
2021-02-05,Vijayapura,2,14427,1,14202,19,0,206,0
2021-02-06,Vijayapura,0,14427,3,14205,16,0,206,0
2021-02-07,Vijayapura,7,14434,2,14207,21,0,206,0
2021-02-08,Vijayapura,5,14439,6,14213,20,0,206,0
2021-02-09,Vijayapura,6,14445,3,14216,23,0,206,0
2021-02-10,Vijayapura,4,14449,4,14220,23,0,206,0
2021-02-11,Vijayapura,5,14454,2,14222,26,0,206,0
2021-02-12,Vijayapura,1,14455,4,14226,23,0,206,0
2021-02-13,Vijayapura,3,14458,2,14228,24,0,206,0
2021-02-14,Vijayapura,6,14464,6,14234,24,0,206,0
2021-02-15,Vijayapura,0,14464,4,14238,20,0,206,0
2021-02-16,Vijayapura,5,14469,2,14240,23,0,206,0
2021-02-17,Vijayapura,6,14475,2,14242,27,0,206,0
2021-02-18,Vijayapura,3,14478,10,14252,20,0,206,0
2021-02-19,Vijayapura,9,14487,2,14254,27,0,206,0
2021-02-20,Vijayapura,6,14493,1,14255,32,0,206,0
2021-02-21,Vijayapura,10,14503,2,14257,40,0,206,0
2021-02-22,Vijayapura,5,14508,5,14262,40,0,206,0
2021-02-23,Vijayapura,1,14509,3,14265,38,0,206,0
2021-02-24,Vijayapura,8,14517,1,14266,45,0,206,0
2021-02-25,Vijayapura,4,14521,6,14272,43,0,206,0
2021-02-26,Vijayapura,8,14529,5,14277,46,0,206,0
2021-02-27,Vijayapura,7,14536,5,14282,48,0,206,0
2021-02-28,Vijayapura,11,14547,2,14284,57,0,206,0
2021-03-01,Vijayapura,12,14559,9,14293,60,0,206,0
2021-03-02,Vijayapura,4,14563,7,14300,57,0,206,0
2021-03-03,Vijayapura,6,14569,5,14305,58,0,206,0
2021-03-04,Vijayapura,13,14582,6,14311,65,0,206,0
2021-03-05,Vijayapura,6,14588,4,14315,67,0,206,0
2021-03-06,Vijayapura,6,14594,5,14320,68,0,206,0
2021-03-07,Vijayapura,6,14600,11,14331,63,0,206,0
2021-03-08,Vijayapura,3,14603,9,14340,57,0,206,0
2021-03-09,Vijayapura,2,14605,7,14347,52,0,206,0
2021-03-10,Vijayapura,6,14611,9,14356,49,0,206,0
2021-03-11,Vijayapura,8,14619,6,14362,51,0,206,0
2021-03-12,Vijayapura,8,14627,5,14367,54,0,206,0
2021-03-13,Vijayapura,8,14635,8,14375,54,0,206,0
2021-03-14,Vijayapura,8,14643,3,14378,59,0,206,0
2021-03-15,Vijayapura,0,14643,4,14382,55,0,206,0
2021-03-16,Vijayapura,13,14656,10,14392,58,0,206,0
2021-03-17,Vijayapura,17,14673,5,14397,70,0,206,0
2021-03-18,Vijayapura,46,14719,6,14403,110,0,206,0
2021-03-19,Vijayapura,30,14749,15,14418,125,0,206,0
2021-03-20,Vijayapura,29,14778,7,14425,146,1,207,0
2021-03-21,Vijayapura,20,14798,6,14431,160,0,207,0
2021-03-22,Vijayapura,10,14808,12,14443,158,0,207,0
2021-03-23,Vijayapura,12,14820,5,14448,165,0,207,0
2021-03-24,Vijayapura,37,14857,8,14456,194,0,207,0
2021-03-25,Vijayapura,35,14892,43,14499,186,0,207,0
2021-03-26,Vijayapura,36,14928,31,14530,191,0,207,0
2021-03-27,Vijayapura,41,14969,32,14562,200,0,207,0
2021-03-28,Vijayapura,24,14993,26,14588,198,0,207,0
2021-03-29,Vijayapura,28,15021,15,14603,211,0,207,0
2021-03-30,Vijayapura,15,15036,22,14625,204,0,207,0
2021-03-31,Vijayapura,15,15051,18,14643,201,0,207,0
2021-04-01,Vijayapura,18,15069,31,14674,188,0,207,0
2021-04-02,Vijayapura,30,15099,25,14699,193,0,207,0
2021-04-03,Vijayapura,18,15117,28,14727,183,0,207,0
2021-04-04,Vijayapura,16,15133,36,14763,163,0,207,0
2021-04-05,Vijayapura,27,15160,25,14788,164,1,208,0
2021-04-06,Vijayapura,22,15182,22,14810,164,0,208,0
2021-04-07,Vijayapura,50,15232,8,14818,205,1,209,0
2021-04-08,Vijayapura,60,15292,17,14835,247,1,210,0
2021-04-09,Vijayapura,127,15419,16,14851,358,0,210,0
2021-04-10,Vijayapura,71,15490,28,14879,401,0,210,0
2021-04-11,Vijayapura,63,15553,12,14891,451,1,211,0
2021-04-12,Vijayapura,122,15675,21,14912,552,0,211,0
2021-04-13,Vijayapura,105,15780,19,14931,637,1,212,0
2021-04-14,Vijayapura,122,15902,14,14945,745,0,212,0
2021-04-15,Vijayapura,136,16038,56,15001,824,1,213,0
2021-04-16,Vijayapura,207,16245,63,15064,968,0,213,0
2021-04-17,Vijayapura,281,16526,124,15188,1125,0,213,0
2021-04-18,Vijayapura,200,16726,91,15279,1232,2,215,0
2021-04-19,Vijayapura,302,17028,120,15399,1413,1,216,0
2021-04-20,Vijayapura,358,17386,54,15453,1717,0,216,0
2021-04-21,Vijayapura,335,17721,110,15563,1940,2,218,0
2021-04-22,Vijayapura,328,18049,110,15673,2157,1,219,0
2021-04-23,Vijayapura,429,18478,175,15848,2409,2,221,0
2021-04-24,Vijayapura,411,18889,159,16007,2659,2,223,0
2021-04-25,Vijayapura,468,19357,199,16206,2926,2,225,0
2021-04-26,Vijayapura,385,19742,319,16525,2992,0,225,0
2021-04-27,Vijayapura,531,20273,377,16902,3142,4,229,0
2021-04-28,Vijayapura,394,20667,251,17153,3283,2,231,0
2021-04-29,Vijayapura,408,21075,417,17570,3270,4,235,0
2021-04-30,Vijayapura,521,21596,473,18043,3315,3,238,0
2021-05-01,Vijayapura,340,21936,563,18606,3088,4,242,0
2021-05-02,Vijayapura,303,22239,393,18999,2995,3,245,0
2021-05-03,Vijayapura,274,22513,452,19451,2813,4,249,0
2021-05-04,Vijayapura,379,22892,405,19856,2783,4,253,0
2021-05-05,Vijayapura,513,23405,331,20187,2961,4,257,0
2021-05-06,Vijayapura,662,24067,385,20572,3232,6,263,0
2021-05-07,Vijayapura,445,24512,315,20887,3356,6,269,0
2021-05-08,Vijayapura,525,25037,290,21177,3588,3,272,0
2021-05-09,Vijayapura,597,25634,272,21449,3907,6,278,0
2021-05-10,Vijayapura,659,26293,553,22002,4007,6,284,0
2021-05-11,Vijayapura,485,26778,539,22541,3945,8,292,0
2021-05-12,Vijayapura,690,27468,281,22822,4346,8,300,0
2021-05-13,Vijayapura,331,27799,591,23413,4078,8,308,0
2021-05-14,Vijayapura,444,28243,421,23834,4092,9,317,0
2021-05-15,Vijayapura,789,29032,680,24514,4192,9,326,0
2021-05-16,Vijayapura,330,29362,904,25418,3609,9,335,0
2021-05-17,Vijayapura,233,29595,628,26046,3205,9,344,0
2021-05-18,Vijayapura,262,29857,566,26612,2893,8,352,0
2021-05-19,Vijayapura,227,30084,216,26828,2899,5,357,0
2021-05-20,Vijayapura,310,30394,624,27452,2581,4,361,0
2021-05-21,Vijayapura,349,30743,311,27763,2615,4,365,0
2021-05-22,Vijayapura,437,31180,454,28217,2595,3,368,0
2021-05-23,Vijayapura,246,31426,250,28467,2586,5,373,0
2021-05-24,Vijayapura,256,31682,263,28730,2574,5,378,0
2021-05-25,Vijayapura,141,31823,310,29040,2399,6,384,0
2021-05-26,Vijayapura,337,32160,225,29265,2505,6,390,0
2021-05-27,Vijayapura,306,32466,349,29614,2458,4,394,0
2021-05-28,Vijayapura,183,32649,315,29929,2322,4,398,0
2021-05-29,Vijayapura,210,32859,410,30339,2118,4,402,0
2021-05-30,Vijayapura,198,33057,315,30654,1997,4,406,0
2021-05-31,Vijayapura,185,33242,231,30885,1947,4,410,0
2021-06-01,Vijayapura,163,33405,230,31115,1874,6,416,0
2021-06-02,Vijayapura,166,33571,178,31293,1858,4,420,0
2021-06-03,Vijayapura,192,33763,232,31525,1814,4,424,0
