Date,District Name,Today’s Positives,Total Positives,Today’s Discharges,Total Discharges,Total Active Cases,Today’s Reported Covid Deaths,Total Covid Deaths,Death due to Non- Covid reasons
2020-07-01,Yadagiri,8,949,14,838,110,0,1,0
2020-07-02,Yadagiri,7,956,0,838,117,0,1,0
2020-07-03,Yadagiri,14,970,17,855,114,0,1,0
2020-07-04,Yadagiri,1,971,0,855,115,0,1,0
2020-07-05,Yadagiri,0,971,12,867,103,0,1,0
2020-07-06,Yadagiri,35,1006,2,869,136,0,1,0
2020-07-07,Yadagiri,10,1016,0,869,146,0,1,0
2020-07-08,Yadagiri,11,1027,3,872,154,0,1,0
2020-07-10,Yadagiri,51,1094,5,877,216,0,1,0
2020-07-11,Yadagiri,74,1168,6,883,284,0,1,0
2020-07-12,Yadagiri,120,1288,11,894,393,0,1,0
2020-07-13,Yadagiri,162,1450,0,894,555,0,1,0
2020-07-14,Yadagiri,2,1452,0,894,557,0,1,0
2020-07-15,Yadagiri,49,1501,144,1038,462,0,1,0
2020-07-16,Yadagiri,34,1535,45,1083,451,0,1,0
2020-07-17,Yadagiri,4,1539,60,1143,395,0,1,0
2020-07-19,Yadagiri,10,1553,83,1363,189,0,1,0
2020-07-20,Yadagiri,43,1596,73,1436,159,0,1,0
2020-07-21,Yadagiri,117,1713,44,1480,232,0,1,0
2020-07-22,Yadagiri,43,1756,27,1507,248,0,1,0
2020-07-23,Yadagiri,55,1811,0,1507,303,0,1,0
2020-07-24,Yadagiri,53,1864,0,1507,356,0,1,0
2020-07-25,Yadagiri,68,1932,21,1528,402,1,2,0
2020-07-26,Yadagiri,56,1988,46,1574,412,0,2,0
2020-07-27,Yadagiri,64,2052,5,1579,471,0,2,0
2020-07-28,Yadagiri,67,2119,12,1591,526,0,2,0
2020-07-29,Yadagiri,114,2233,28,1619,612,0,2,0
2020-07-30,Yadagiri,58,2291,23,1642,646,1,3,0
2020-07-31,Yadagiri,56,2347,237,1879,464,1,4,0
2020-08-01,Yadagiri,39,2386,15,1894,485,3,7,0
2020-08-02,Yadagiri,39,2425,9,1903,515,0,7,0
2020-08-03,Yadagiri,86,2511,12,1915,588,1,8,0
2020-08-04,Yadagiri,76,2587,13,1928,649,2,10,0
2020-08-05,Yadagiri,76,2663,39,1967,684,2,12,0
2020-08-06,Yadagiri,37,2700,25,1992,695,1,13,0
2020-08-07,Yadagiri,70,2770,71,2063,693,1,14,0
2020-08-08,Yadagiri,200,2970,25,2088,866,2,16,0
2020-08-09,Yadagiri,91,3061,31,2119,925,1,17,0
2020-08-10,Yadagiri,68,3129,15,2134,978,0,17,0
2020-08-11,Yadagiri,102,3231,82,2216,998,0,17,0
2020-08-12,Yadagiri,107,3338,25,2241,1078,2,19,0
2020-08-13,Yadagiri,83,3421,47,2288,1114,0,19,0
2020-08-14,Yadagiri,116,3537,43,2331,1187,0,19,0
2020-08-15,Yadagiri,64,3601,149,2480,1101,1,20,0
2020-08-16,Yadagiri,236,3837,38,2518,1296,3,23,0
2020-08-17,Yadagiri,69,3906,135,2653,1230,0,23,0
2020-08-18,Yadagiri,107,4013,79,2732,1255,3,26,0
2020-08-19,Yadagiri,41,4054,65,2797,1231,0,26,0
2020-08-20,Yadagiri,68,4122,54,2851,1241,4,30,0
2020-08-21,Yadagiri,255,4377,31,2882,1465,0,30,0
2020-08-22,Yadagiri,123,4500,34,2916,1553,1,31,0
2020-08-23,Yadagiri,73,4573,238,3154,1387,1,32,0
2020-08-24,Yadagiri,122,4695,30,3184,1478,1,33,0
2020-08-25,Yadagiri,132,4827,18,3202,1592,0,33,0
2020-08-26,Yadagiri,102,4929,78,3280,1614,2,35,0
2020-08-27,Yadagiri,112,5041,131,3411,1595,0,35,0
2020-08-28,Yadagiri,66,5107,27,3438,1631,3,38,0
2020-08-29,Yadagiri,98,5205,65,3503,1663,1,39,0
2020-08-30,Yadagiri,67,5272,334,3837,1395,1,40,0
2020-08-31,Yadagiri,122,5394,318,4155,1199,0,40,0
2020-09-01,Yadagiri,142,5536,99,4254,1241,1,41,0
2020-09-02,Yadagiri,106,5642,13,4267,1334,0,41,0
2020-09-03,Yadagiri,112,5754,36,4303,1410,0,41,0
2020-09-04,Yadagiri,94,5848,0,4303,1504,0,41,0
2020-09-06,Yadagiri,139,6125,30,4668,1414,2,43,0
2020-09-07,Yadagiri,137,6262,222,4892,1327,0,43,0
2020-09-08,Yadagiri,79,6341,149,5041,1255,2,45,0
2020-09-09,Yadagiri,95,6436,72,5113,1278,0,45,0
2020-09-10,Yadagiri,103,6539,162,5275,1218,1,46,0
2020-09-11,Yadagiri,98,6637,30,5305,1286,0,46,0
2020-09-12,Yadagiri,151,6788,22,5327,1415,0,46,0
2020-09-13,Yadagiri,235,7023,412,5739,1238,0,46,0
2020-09-14,Yadagiri,104,7127,69,5808,1273,0,46,0
2020-09-15,Yadagiri,76,7203,135,5943,1212,2,48,0
2020-09-16,Yadagiri,109,7312,188,6131,1132,1,49,0
2020-09-17,Yadagiri,50,7362,148,6279,1034,0,49,0
2020-09-18,Yadagiri,143,7505,75,6354,1102,0,49,0
2020-09-19,Yadagiri,127,7632,102,6456,1127,0,49,0
2020-09-20,Yadagiri,116,7748,87,6543,1156,0,49,0
2020-09-21,Yadagiri,44,7792,103,6646,1097,0,49,0
2020-09-22,Yadagiri,55,7847,161,6807,991,0,49,0
2020-09-23,Yadagiri,40,7887,189,6996,842,0,49,0
2020-09-24,Yadagiri,42,7929,86,7082,798,0,49,0
2020-09-25,Yadagiri,66,7995,63,7145,801,0,49,0
2020-09-26,Yadagiri,133,8128,44,7189,890,0,49,0
2020-09-27,Yadagiri,44,8172,88,7277,845,1,50,0
2020-09-28,Yadagiri,82,8254,137,7414,789,1,51,0
2020-09-29,Yadagiri,117,8371,127,7541,779,0,51,0
2020-09-30,Yadagiri,59,8430,113,7654,725,0,51,0
2020-10-01,Yadagiri,159,8589,34,7688,848,2,53,0
2020-10-02,Yadagiri,145,8734,46,7734,947,0,53,0
2020-10-03,Yadagiri,128,8862,38,7772,1036,1,54,0
2020-10-04,Yadagiri,119,8981,41,7813,1114,0,54,0
2020-10-05,Yadagiri,46,9027,90,7903,1070,0,54,0
2020-10-06,Yadagiri,67,9094,112,8015,1025,0,54,0
2020-10-07,Yadagiri,98,9192,79,8094,1044,0,54,0
2020-10-08,Yadagiri,67,9259,64,8158,1045,2,56,0
2020-10-09,Yadagiri,66,9325,94,8252,1017,0,56,0
2020-10-10,Yadagiri,73,9398,54,8306,1035,1,57,0
2020-10-11,Yadagiri,100,9498,117,8423,1017,1,58,0
2020-10-12,Yadagiri,34,9532,116,8539,934,1,59,0
2020-10-13,Yadagiri,53,9585,142,8681,844,1,60,0
2020-10-14,Yadagiri,27,9612,97,8778,774,0,60,0
2020-10-15,Yadagiri,7,9619,78,8856,703,0,60,0
2020-10-16,Yadagiri,34,9653,110,8966,627,0,60,0
2020-10-17,Yadagiri,76,9729,77,9043,626,0,60,0
2020-10-18,Yadagiri,24,9753,81,9124,569,0,60,0
2020-10-19,Yadagiri,15,9768,139,9263,445,0,60,0
2020-10-20,Yadagiri,37,9805,47,9310,435,0,60,0
2020-10-21,Yadagiri,31,9836,101,9411,365,0,60,0
2020-10-22,Yadagiri,36,9872,68,9479,333,0,60,0
2020-10-24,Yadagiri,27,9935,27,9558,317,0,60,0
2020-10-25,Yadagiri,32,9967,10,9568,339,0,60,0
2020-10-26,Yadagiri,9,9976,30,9598,317,1,61,0
2020-10-27,Yadagiri,19,9995,68,9666,268,0,61,0
2020-10-28,Yadagiri,13,10008,27,9693,254,0,61,0
2020-10-29,Yadagiri,29,10037,40,9733,243,0,61,0
2020-10-30,Yadagiri,17,10054,18,9751,242,0,61,0
2020-10-31,Yadagiri,20,10074,31,9782,231,0,61,0
2020-12-01,Yadagiri,10,10388,11,10254,73,0,61,0
2020-12-02,Yadagiri,10,10398,9,10263,74,0,61,0
2020-12-03,Yadagiri,7,10405,13,10276,68,0,61,0
2020-12-04,Yadagiri,2,10407,10,10286,60,0,61,0
2020-12-05,Yadagiri,14,10421,8,10294,66,0,61,0
2020-12-06,Yadagiri,15,10436,5,10299,76,0,61,0
2020-12-07,Yadagiri,26,10462,4,10303,98,0,61,0
2020-12-08,Yadagiri,16,10478,1,10304,113,0,61,0
2020-12-09,Yadagiri,9,10487,9,10313,113,0,61,0
2020-12-10,Yadagiri,2,10489,4,10317,111,0,61,0
2020-12-11,Yadagiri,3,10492,10,10327,104,0,61,0
2020-12-12,Yadagiri,12,10504,10,10337,106,0,61,0
2020-12-13,Yadagiri,7,10511,7,10344,106,0,61,0
2020-12-14,Yadagiri,17,10528,2,10346,121,0,61,0
2020-12-15,Yadagiri,1,10529,30,10376,92,0,61,0
2020-12-16,Yadagiri,5,10534,16,10392,81,0,61,0
2020-12-17,Yadagiri,5,10539,25,10417,61,0,61,0
2020-12-18,Yadagiri,6,10545,17,10434,50,0,61,0
2020-12-19,Yadagiri,5,10550,9,10443,46,0,61,0
2020-12-20,Yadagiri,4,10554,2,10445,48,0,61,0
2020-12-21,Yadagiri,3,10557,4,10449,47,0,61,0
2020-12-22,Yadagiri,4,10561,7,10456,44,0,61,0
2020-12-23,Yadagiri,2,10563,1,10457,45,0,61,0
2020-12-24,Yadagiri,4,10567,10,10467,39,0,61,0
2020-12-25,Yadagiri,3,10570,0,10467,42,0,61,0
2020-12-26,Yadagiri,0,10570,5,10472,37,0,61,0
2020-12-27,Yadagiri,1,10571,5,10477,33,0,61,0
2020-12-28,Yadagiri,1,10572,6,10483,28,0,61,0
2020-12-29,Yadagiri,1,10573,5,10488,24,0,61,0
2020-12-30,Yadagiri,4,10577,4,10492,24,0,61,0
2020-12-31,Yadagiri,7,10584,5,10497,26,0,61,0
2021-01-01,Yadagiri,6,10590,6,10503,26,0,61,0
2021-01-02,Yadagiri,2,10592,1,10504,27,0,61,0
2021-01-03,Yadagiri,1,10593,4,10508,24,0,61,0
2021-01-04,Yadagiri,9,10602,3,10511,30,0,61,0
2021-01-05,Yadagiri,4,10606,2,10513,32,0,61,0
2021-01-06,Yadagiri,7,10613,0,10513,39,0,61,0
2021-01-07,Yadagiri,2,10615,1,10514,40,0,61,0
2021-01-08,Yadagiri,3,10618,1,10515,42,0,61,0
2021-01-09,Yadagiri,0,10618,3,10518,39,0,61,0
2021-01-10,Yadagiri,7,10625,6,10524,40,0,61,0
2021-01-11,Yadagiri,2,10627,5,10529,37,0,61,0
2021-01-12,Yadagiri,4,10631,2,10531,39,0,61,0
2021-01-13,Yadagiri,1,10632,2,10533,38,0,61,0
2021-01-14,Yadagiri,2,10634,8,10541,32,0,61,0
2021-01-15,Yadagiri,0,10634,4,10545,28,0,61,0
2021-01-16,Yadagiri,0,10634,8,10553,20,0,61,0
2021-01-17,Yadagiri,6,10640,2,10555,24,0,61,0
2021-01-18,Yadagiri,4,10644,3,10558,25,0,61,0
2021-01-19,Yadagiri,2,10646,0,10558,27,0,61,0
2021-01-20,Yadagiri,0,10646,7,10565,20,0,61,0
2021-01-21,Yadagiri,3,10649,3,10568,20,0,61,0
2021-01-22,Yadagiri,2,10651,3,10571,19,0,61,0
2021-01-23,Yadagiri,2,10653,2,10573,19,0,61,0
2021-01-24,Yadagiri,0,10653,0,10573,19,0,61,0
2021-01-25,Yadagiri,1,10654,0,10573,20,0,61,0
2021-01-26,Yadagiri,4,10658,0,10573,24,0,61,0
2021-01-27,Yadagiri,2,10660,6,10579,20,0,61,0
2021-01-28,Yadagiri,2,10662,4,10583,18,0,61,0
2021-01-29,Yadagiri,0,10662,2,10585,16,0,61,0
2021-01-30,Yadagiri,1,10663,0,10585,17,0,61,0
2021-01-31,Yadagiri,1,10664,3,10588,15,0,61,0
2021-02-01,Yadagiri,2,10666,2,10590,15,0,61,0
2021-02-02,Yadagiri,0,10666,1,10591,14,0,61,0
2021-02-03,Yadagiri,0,10666,1,10592,13,0,61,0
2021-02-04,Yadagiri,0,10666,0,10592,13,0,61,0
2021-02-05,Yadagiri,0,10666,1,10593,12,0,61,0
2021-02-06,Yadagiri,2,10668,4,10597,10,0,61,0
2021-02-07,Yadagiri,1,10669,2,10599,9,0,61,0
2021-02-08,Yadagiri,0,10669,2,10601,7,0,61,0
2021-02-09,Yadagiri,1,10670,0,10601,8,0,61,0
2021-02-10,Yadagiri,0,10670,1,10602,7,0,61,0
2021-02-11,Yadagiri,5,10675,1,10603,11,0,61,0
2021-02-12,Yadagiri,0,10675,2,10605,9,0,61,0
2021-02-13,Yadagiri,0,10675,0,10605,9,0,61,0
2021-02-14,Yadagiri,1,10676,0,10605,10,0,61,0
2021-02-15,Yadagiri,0,10676,0,10605,10,0,61,0
2021-02-16,Yadagiri,0,10676,2,10607,8,0,61,0
2021-02-17,Yadagiri,2,10678,1,10608,9,0,61,0
2021-02-18,Yadagiri,3,10681,0,10608,12,0,61,0
2021-02-19,Yadagiri,1,10682,1,10609,12,0,61,0
2021-02-20,Yadagiri,1,10683,5,10614,8,0,61,0
2021-02-21,Yadagiri,0,10683,0,10614,8,0,61,0
2021-02-22,Yadagiri,0,10683,0,10614,8,0,61,0
2021-02-23,Yadagiri,2,10685,1,10615,9,0,61,0
2021-02-24,Yadagiri,1,10686,0,10615,10,0,61,0
2021-02-25,Yadagiri,0,10686,0,10615,10,0,61,0
2021-02-26,Yadagiri,1,10687,2,10617,9,0,61,0
2021-02-27,Yadagiri,1,10688,3,10620,7,0,61,0
2021-02-28,Yadagiri,5,10693,0,10620,12,0,61,0
2021-03-01,Yadagiri,1,10694,1,10621,12,0,61,0
2021-03-02,Yadagiri,3,10697,0,10621,15,0,61,0
2021-03-03,Yadagiri,3,10700,1,10622,17,0,61,0
2021-03-04,Yadagiri,0,10700,2,10624,15,0,61,0
2021-03-05,Yadagiri,0,10700,1,10625,14,0,61,0
2021-03-06,Yadagiri,0,10700,0,10625,14,0,61,0
2021-03-07,Yadagiri,1,10701,1,10626,14,0,61,0
2021-03-08,Yadagiri,0,10701,1,10627,13,0,61,0
2021-03-09,Yadagiri,2,10703,6,10633,9,0,61,0
2021-03-10,Yadagiri,0,10703,1,10634,8,0,61,0
2021-03-11,Yadagiri,2,10705,0,10634,10,0,61,0
2021-03-12,Yadagiri,3,10708,2,10636,11,0,61,0
2021-03-13,Yadagiri,1,10709,3,10639,9,0,61,0
2021-03-14,Yadagiri,4,10713,0,10639,13,0,61,0
2021-03-15,Yadagiri,2,10715,0,10639,15,0,61,0
2021-03-16,Yadagiri,3,10718,1,10640,17,0,61,0
2021-03-17,Yadagiri,5,10723,1,10641,21,0,61,0
2021-03-18,Yadagiri,5,10728,1,10642,25,0,61,0
2021-03-19,Yadagiri,7,10735,1,10643,31,0,61,0
2021-03-20,Yadagiri,2,10737,1,10644,32,0,61,0
2021-03-21,Yadagiri,3,10740,3,10647,32,0,61,0
2021-03-22,Yadagiri,3,10743,2,10649,33,0,61,0
2021-03-23,Yadagiri,2,10745,4,10653,31,0,61,0
2021-03-24,Yadagiri,5,10750,5,10658,31,0,61,0
2021-03-25,Yadagiri,9,10759,3,10661,37,0,61,0
2021-03-26,Yadagiri,10,10769,4,10665,43,0,61,0
2021-03-27,Yadagiri,9,10778,5,10670,47,0,61,0
2021-03-28,Yadagiri,9,10787,4,10674,52,0,61,0
2021-03-29,Yadagiri,9,10796,1,10675,60,0,61,0
2021-03-30,Yadagiri,7,10803,2,10677,65,0,61,0
2021-03-31,Yadagiri,10,10813,3,10680,72,0,61,0
2021-04-01,Yadagiri,5,10818,3,10683,74,0,61,0
2021-04-02,Yadagiri,18,10836,2,10685,90,0,61,0
2021-04-03,Yadagiri,13,10849,5,10690,98,0,61,0
2021-04-04,Yadagiri,18,10867,9,10699,107,0,61,0
2021-04-05,Yadagiri,17,10884,10,10709,113,1,62,0
2021-04-06,Yadagiri,16,10900,9,10718,120,0,62,0
2021-04-07,Yadagiri,34,10934,9,10727,145,0,62,0
2021-04-08,Yadagiri,26,10960,8,10735,163,0,62,0
2021-04-09,Yadagiri,32,10992,8,10743,187,0,62,0
2021-04-10,Yadagiri,24,11016,10,10753,201,0,62,0
2021-04-11,Yadagiri,38,11054,5,10758,234,0,62,0
2021-04-12,Yadagiri,52,11106,17,10775,269,0,62,0
2021-04-13,Yadagiri,45,11151,13,10788,301,0,62,0
2021-04-14,Yadagiri,58,11209,18,10806,341,0,62,0
2021-04-15,Yadagiri,88,11297,16,10822,413,0,62,0
2021-04-16,Yadagiri,153,11450,15,10837,550,1,63,0
2021-04-17,Yadagiri,153,11603,33,10870,670,0,63,0
2021-04-18,Yadagiri,74,11677,26,10896,716,2,65,0
2021-04-19,Yadagiri,190,11867,32,10928,872,2,67,0
2021-04-20,Yadagiri,84,11951,24,10952,931,1,68,0
2021-04-21,Yadagiri,99,12050,37,10989,992,1,69,0
2021-04-22,Yadagiri,111,12161,49,11038,1054,0,69,0
2021-04-23,Yadagiri,114,12275,43,11081,1124,1,70,0
2021-04-24,Yadagiri,95,12370,62,11143,1157,0,70,0
2021-04-25,Yadagiri,363,12733,87,11230,1433,0,70,0
2021-04-26,Yadagiri,164,12897,145,11375,1448,4,74,0
2021-04-27,Yadagiri,414,13311,135,11510,1727,0,74,0
2021-04-28,Yadagiri,295,13606,68,11578,1949,5,79,0
2021-04-29,Yadagiri,259,13865,184,11762,2016,8,87,0
2021-04-30,Yadagiri,325,14190,82,11844,2259,0,87,0
2021-05-01,Yadagiri,266,14456,88,11932,2432,5,92,0
2021-05-02,Yadagiri,302,14758,95,12027,2638,1,93,0
2021-05-03,Yadagiri,337,15095,113,12140,2861,1,94,0
2021-05-04,Yadagiri,457,15552,89,12229,3227,2,96,0
2021-05-05,Yadagiri,739,16291,353,12582,3613,0,96,0
2021-05-06,Yadagiri,721,17012,143,12725,4189,2,98,0
2021-05-07,Yadagiri,714,17726,385,13110,4517,1,99,0
2021-05-08,Yadagiri,718,18444,263,13373,4969,3,102,0
2021-05-09,Yadagiri,695,19139,208,13581,5450,6,108,0
2021-05-10,Yadagiri,727,19866,290,13871,5884,3,111,0
2021-05-11,Yadagiri,426,20292,231,14102,6072,7,118,0
2021-05-12,Yadagiri,753,21045,262,14364,6559,4,122,0
2021-05-13,Yadagiri,675,21720,309,14673,6920,5,127,0
2021-05-14,Yadagiri,683,22403,893,15566,6704,6,133,0
2021-05-15,Yadagiri,343,22746,664,16230,6375,8,141,0
2021-05-16,Yadagiri,233,22979,674,16904,5930,4,145,0
2021-05-17,Yadagiri,360,23339,668,17572,5616,6,151,0
2021-05-18,Yadagiri,317,23656,703,18275,5227,3,154,0
2021-05-19,Yadagiri,308,23964,678,18953,4856,1,155,0
2021-05-20,Yadagiri,295,24259,675,19628,4471,5,160,0
2021-05-21,Yadagiri,520,24779,889,20517,4101,1,161,0
2021-05-22,Yadagiri,322,25101,737,21254,3683,3,164,0
2021-05-23,Yadagiri,277,25378,331,21585,3626,3,167,0
2021-05-24,Yadagiri,251,25629,660,22245,3212,5,172,0
2021-05-25,Yadagiri,153,25782,343,22588,3020,2,174,0
2021-05-26,Yadagiri,187,25969,226,22814,2976,5,179,0
2021-05-27,Yadagiri,190,26159,356,23170,2805,5,184,0
2021-05-28,Yadagiri,184,26343,321,23491,2660,8,192,0
2021-05-29,Yadagiri,83,26426,301,23792,2439,3,195,0
2021-05-30,Yadagiri,107,26533,285,24077,2257,4,199,0
2021-05-31,Yadagiri,84,26617,515,24592,1824,2,201,0
2021-06-01,Yadagiri,107,26724,313,24905,1618,0,201,0
2021-06-02,Yadagiri,116,26840,269,25174,1465,0,201,0
2021-06-03,Yadagiri,78,26918,242,25416,1301,0,201,0
